1.000000e+00 -1.465806e-08 9.984342e-08 3.485748e-08 1.465804e-08 1.000000e+00 1.543820e-07 8.897287e-08 -9.984341e-08 -1.543820e-07 1.000000e+00 -9.366827e-09
9.999947e-01 -1.491744e-03 -2.890657e-03 -9.066454e-03 1.489063e-03 9.999985e-01 -9.292460e-04 -2.334435e-02 2.892038e-03 9.249367e-04 9.999954e-01 6.974753e-01
9.999781e-01 -4.781615e-04 -6.598971e-03 -1.052748e-02 4.665418e-04 9.999983e-01 -1.762253e-03 -3.121396e-02 6.599802e-03 1.759136e-03 9.999767e-01 1.431947e+00
9.999433e-01 -6.602235e-04 -1.063141e-02 -1.633672e-02 6.350538e-04 9.999970e-01 -2.370673e-03 -2.753825e-02 1.063295e-02 2.363787e-03 9.999407e-01 2.121223e+00
9.998837e-01 1.028745e-03 -1.521604e-02 -3.670189e-02 -1.074753e-03 9.999949e-01 -3.015799e-03 -3.589401e-02 1.521286e-02 3.031802e-03 9.998797e-01 2.862609e+00
9.998007e-01 -6.889994e-05 -1.996424e-02 -5.991246e-02 1.360948e-05 9.999962e-01 -2.769597e-03 -4.610047e-02 1.996435e-02 2.768774e-03 9.997969e-01 3.601469e+00
9.997019e-01 9.865243e-04 -2.439443e-02 -7.917678e-02 -1.077536e-03 9.999925e-01 -3.717972e-03 -6.196024e-02 2.439058e-02 3.743150e-03 9.996955e-01 4.376991e+00
9.995607e-01 3.875621e-03 -2.938214e-02 -1.196080e-01 -4.000373e-03 9.999832e-01 -4.188262e-03 -7.878635e-02 2.936541e-02 4.303961e-03 9.995595e-01 5.144602e+00
9.994145e-01 5.188249e-03 -3.381807e-02 -1.530526e-01 -5.307292e-03 9.999800e-01 -3.431301e-03 -7.734392e-02 3.379959e-02 3.608775e-03 9.994221e-01 5.955263e+00
9.992506e-01 6.036429e-03 -3.823461e-02 -1.950299e-01 -6.087405e-03 9.999807e-01 -1.216983e-03 -9.460283e-02 3.822653e-02 1.448821e-03 9.992680e-01 6.770009e+00
9.991190e-01 4.765445e-03 -4.169539e-02 -2.193234e-01 -4.711880e-03 9.999879e-01 1.382853e-03 -9.150159e-02 4.170147e-02 -1.185171e-03 9.991294e-01 7.571657e+00
9.990163e-01 4.718648e-03 -4.409212e-02 -2.681180e-01 -4.660509e-03 9.999881e-01 1.421279e-03 -1.141161e-01 4.409829e-02 -1.214390e-03 9.990265e-01 8.378636e+00
9.989207e-01 4.109816e-03 -4.626521e-02 -3.160805e-01 -4.068059e-03 9.999912e-01 9.966753e-04 -1.112131e-01 4.626890e-02 -8.073900e-04 9.989287e-01 9.202391e+00
9.988389e-01 3.208985e-03 -4.806797e-02 -3.440239e-01 -3.176407e-03 9.999947e-01 7.541148e-04 -1.337786e-01 4.807013e-02 -6.005557e-04 9.988438e-01 1.003089e+01
9.987306e-01 2.482649e-03 -5.031021e-02 -3.867614e-01 -2.413877e-03 9.999961e-01 1.427662e-03 -1.404696e-01 5.031355e-02 -1.304407e-03 9.987326e-01 1.087513e+01
9.986556e-01 -2.123228e-04 -5.183621e-02 -4.366205e-01 2.809589e-04 9.999991e-01 1.316814e-03 -1.506221e-01 5.183587e-02 -1.329608e-03 9.986547e-01 1.176264e+01
9.985673e-01 1.181679e-03 -5.349805e-02 -4.996099e-01 -1.198603e-03 9.999992e-01 -2.842641e-04 -1.526436e-01 5.349767e-02 3.479798e-04 9.985679e-01 1.261419e+01
9.984855e-01 3.284569e-03 -5.491813e-02 -5.459787e-01 -3.424242e-03 9.999911e-01 -2.449402e-03 -1.685802e-01 5.490960e-02 2.633745e-03 9.984879e-01 1.349546e+01
9.983924e-01 6.602307e-03 -5.629410e-02 -6.137122e-01 -6.840413e-03 9.999685e-01 -4.038046e-03 -1.781766e-01 5.626566e-02 4.416629e-03 9.984061e-01 1.438777e+01
9.983100e-01 7.089835e-03 -5.767846e-02 -6.711024e-01 -7.330776e-03 9.999653e-01 -3.966809e-03 -1.978981e-01 5.764833e-02 4.382934e-03 9.983273e-01 1.526193e+01
9.982349e-01 6.915536e-03 -5.898513e-02 -7.327994e-01 -7.084066e-03 9.999714e-01 -2.648540e-03 -2.127505e-01 5.896512e-02 3.061720e-03 9.982553e-01 1.617592e+01
9.981704e-01 6.803147e-03 -6.007969e-02 -7.957147e-01 -6.908978e-03 9.999749e-01 -1.553955e-03 -2.295309e-01 6.006761e-02 1.966201e-03 9.981924e-01 1.707756e+01
9.980995e-01 6.959713e-03 -6.122899e-02 -8.498149e-01 -7.038382e-03 9.999747e-01 -1.069254e-03 -2.492891e-01 6.121998e-02 1.498175e-03 9.981232e-01 1.798387e+01
9.980005e-01 6.667960e-03 -6.285274e-02 -9.071967e-01 -6.777267e-03 9.999759e-01 -1.526068e-03 -2.475423e-01 6.284104e-02 1.948987e-03 9.980216e-01 1.889443e+01
9.979257e-01 6.518020e-03 -6.404485e-02 -9.618010e-01 -6.642756e-03 9.999764e-01 -1.734904e-03 -2.718383e-01 6.403203e-02 2.156739e-03 9.979455e-01 1.980831e+01
9.978928e-01 6.181617e-03 -6.458839e-02 -1.029106e+00 -6.226671e-03 9.999805e-01 -4.962795e-04 -2.844863e-01 6.458406e-02 8.974044e-04 9.979119e-01 2.074189e+01
9.979160e-01 6.630325e-03 -6.418488e-02 -1.107663e+00 -6.472769e-03 9.999755e-01 2.662349e-03 -2.840436e-01 6.420096e-02 -2.241347e-03 9.979345e-01 2.167490e+01
9.979443e-01 6.973620e-03 -6.370632e-02 -1.164931e+00 -6.569135e-03 9.999569e-01 6.556456e-03 -2.901210e-01 6.374929e-02 -6.124482e-03 9.979472e-01 2.262379e+01
9.980635e-01 6.771348e-03 -6.183311e-02 -1.204770e+00 -6.199060e-03 9.999362e-01 9.442504e-03 -3.033506e-01 6.189310e-02 -9.040911e-03 9.980418e-01 2.356803e+01
9.981631e-01 5.177344e-03 -6.036200e-02 -1.271728e+00 -4.560324e-03 9.999360e-01 1.035526e-02 -3.044165e-01 6.041175e-02 -1.006097e-02 9.981228e-01 2.450397e+01
9.982577e-01 5.831323e-03 -5.871624e-02 -1.329867e+00 -5.343004e-03 9.999499e-01 8.470149e-03 -3.094537e-01 5.876268e-02 -8.141670e-03 9.982388e-01 2.542693e+01
9.982819e-01 9.002085e-03 -5.789827e-02 -1.406931e+00 -8.811596e-03 9.999549e-01 3.544513e-03 -3.294211e-01 5.792756e-02 -3.028246e-03 9.983162e-01 2.641325e+01
9.983430e-01 8.708698e-03 -5.688122e-02 -1.459122e+00 -8.667687e-03 9.999620e-01 9.676463e-04 -3.415285e-01 5.688747e-02 -4.730143e-04 9.983805e-01 2.736489e+01
9.984041e-01 7.801297e-03 -5.593207e-02 -1.515590e+00 -7.693412e-03 9.999681e-01 2.143923e-03 -3.559365e-01 5.594701e-02 -1.710193e-03 9.984323e-01 2.830109e+01
9.984350e-01 2.959438e-03 -5.584572e-02 -1.572679e+00 -2.599165e-03 9.999753e-01 6.522736e-03 -3.575085e-01 5.586364e-02 -6.367375e-03 9.984181e-01 2.930139e+01
9.983969e-01 -1.320667e-03 -5.658457e-02 -1.623332e+00 1.892035e-03 9.999478e-01 1.004520e-02 -3.485159e-01 5.656834e-02 -1.013616e-02 9.983473e-01 3.027482e+01
9.983030e-01 -9.285306e-03 -5.748867e-02 -1.659407e+00 9.870669e-03 9.999022e-01 9.906665e-03 -3.658953e-01 5.739106e-02 -1.045730e-02 9.982970e-01 3.124679e+01
9.982015e-01 -1.068790e-02 -5.898730e-02 -1.721550e+00 1.107248e-02 9.999195e-01 6.196672e-03 -3.853457e-01 5.891631e-02 -6.838663e-03 9.982395e-01 3.224159e+01
9.981206e-01 -8.743109e-03 -6.065284e-02 -1.794885e+00 8.915508e-03 9.999569e-01 2.572359e-03 -4.023390e-01 6.062773e-02 -3.108275e-03 9.981556e-01 3.323896e+01
9.980326e-01 -6.889419e-03 -6.231726e-02 -1.849014e+00 7.014232e-03 9.999738e-01 1.784342e-03 -4.054358e-01 6.230333e-02 -2.217940e-03 9.980548e-01 3.421414e+01
9.979567e-01 -9.173995e-03 -6.323230e-02 -1.916282e+00 9.411239e-03 9.999497e-01 3.455138e-03 -4.335847e-01 6.319742e-02 -4.043172e-03 9.979929e-01 3.522994e+01
9.979161e-01 -7.782213e-03 -6.405353e-02 -1.993743e+00 8.189432e-03 9.999479e-01 6.097393e-03 -4.224970e-01 6.400273e-02 -6.609249e-03 9.979278e-01 3.623701e+01
9.978477e-01 -4.741501e-03 -6.540225e-02 -2.058560e+00 5.247237e-03 9.999576e-01 7.563105e-03 -4.338296e-01 6.536361e-02 -7.890008e-03 9.978303e-01 3.723892e+01
9.977620e-01 -6.275950e-03 -6.657099e-02 -2.138940e+00 6.971383e-03 9.999235e-01 1.021935e-02 -4.218330e-01 6.650175e-02 -1.066057e-02 9.977294e-01 3.822674e+01
9.977617e-01 -4.842120e-03 -6.669385e-02 -2.188380e+00 5.740940e-03 9.998952e-01 1.329176e-02 -4.490145e-01 6.662249e-02 -1.364490e-02 9.976850e-01 3.924267e+01
9.977431e-01 -1.860697e-03 -6.712153e-02 -2.268429e+00 2.912449e-03 9.998745e-01 1.557493e-02 -4.379466e-01 6.708411e-02 -1.573526e-02 9.976232e-01 4.026379e+01
9.977568e-01 -1.089133e-03 -6.693435e-02 -2.356077e+00 2.144697e-03 9.998744e-01 1.570030e-02 -4.469792e-01 6.690883e-02 -1.580864e-02 9.976338e-01 4.126314e+01
9.977627e-01 1.226730e-04 -6.685545e-02 -2.425012e+00 8.369307e-04 9.998970e-01 1.432521e-02 -4.536376e-01 6.685032e-02 -1.434912e-02 9.976598e-01 4.226254e+01
9.977596e-01 3.149641e-03 -6.682705e-02 -2.498160e+00 -2.349191e-03 9.999246e-01 1.205313e-02 -4.603249e-01 6.685996e-02 -1.186914e-02 9.976918e-01 4.325870e+01
9.977101e-01 3.083576e-03 -6.756583e-02 -2.560515e+00 -2.272921e-03 9.999246e-01 1.207159e-02 -4.641404e-01 6.759795e-02 -1.189038e-02 9.976418e-01 4.424283e+01
9.976283e-01 4.980414e-04 -6.882926e-02 -2.636203e+00 4.319762e-04 9.999088e-01 1.349641e-02 -4.660750e-01 6.882970e-02 -1.349413e-02 9.975372e-01 4.523733e+01
9.975789e-01 -7.857837e-04 -6.953966e-02 -2.702809e+00 1.776332e-03 9.998978e-01 1.418367e-02 -4.632074e-01 6.952140e-02 -1.427286e-02 9.974784e-01 4.624771e+01
9.975410e-01 8.514103e-04 -7.008081e-02 -2.785632e+00 1.787798e-05 9.999231e-01 1.240252e-02 -4.752510e-01 7.008597e-02 -1.237328e-02 9.974642e-01 4.721601e+01
9.974795e-01 4.648746e-03 -7.080233e-02 -2.874934e+00 -4.141889e-03 9.999647e-01 7.303900e-03 -4.858712e-01 7.083378e-02 -6.992236e-03 9.974636e-01 4.820359e+01
9.974670e-01 5.278166e-03 -7.093443e-02 -2.950559e+00 -4.841949e-03 9.999683e-01 6.320114e-03 -5.067584e-01 7.096553e-02 -5.960644e-03 9.974610e-01 4.918517e+01
9.974390e-01 4.790619e-03 -7.136199e-02 -2.998978e+00 -4.133006e-03 9.999477e-01 9.359984e-03 -5.065308e-01 7.140309e-02 -9.041073e-03 9.974066e-01 5.015061e+01
9.974390e-01 2.592547e-03 -7.147469e-02 -3.081182e+00 -1.658554e-03 9.999125e-01 1.312371e-02 -5.195599e-01 7.150245e-02 -1.297156e-02 9.973561e-01 5.112321e+01
9.974337e-01 2.384296e-03 -7.155668e-02 -3.145642e+00 -1.429232e-03 9.999093e-01 1.339519e-02 -5.206925e-01 7.158211e-02 -1.325854e-02 9.973466e-01 5.207008e+01
9.974183e-01 -1.180034e-03 -7.180122e-02 -3.229675e+00 2.123669e-03 9.999124e-01 1.306742e-02 -5.234264e-01 7.177950e-02 -1.318616e-02 9.973334e-01 5.304364e+01
9.973783e-01 -5.130297e-03 -7.218229e-02 -3.294011e+00 6.000026e-03 9.999119e-01 1.183741e-02 -5.332548e-01 7.211519e-02 -1.223947e-02 9.973212e-01 5.403556e+01
9.973193e-01 -5.367640e-03 -7.297505e-02 -3.363644e+00 6.312045e-03 9.998992e-01 1.271704e-02 -5.403817e-01 7.289943e-02 -1.314357e-02 9.972527e-01 5.497276e+01
9.972234e-01 -8.481010e-03 -7.398311e-02 -3.436719e+00 9.738480e-03 9.998139e-01 1.665259e-02 -5.381499e-01 7.382810e-02 -1.732683e-02 9.971204e-01 5.595169e+01
9.971316e-01 -1.150842e-02 -7.480734e-02 -3.492182e+00 1.317924e-02 9.996737e-01 2.187985e-02 -5.445915e-01 7.453112e-02 -2.280299e-02 9.969579e-01 5.689427e+01
9.971102e-01 -9.665637e-03 -7.535184e-02 -3.572127e+00 1.154452e-02 9.996322e-01 2.453920e-02 -5.247870e-01 7.508693e-02 -2.533818e-02 9.968550e-01 5.784792e+01
9.970239e-01 -9.346983e-03 -7.652379e-02 -3.657782e+00 1.099437e-02 9.997162e-01 2.113488e-02 -5.344531e-01 7.630452e-02 -2.191331e-02 9.968437e-01 5.879526e+01
9.969081e-01 -7.793138e-03 -7.818864e-02 -3.743317e+00 8.877383e-03 9.998691e-01 1.352905e-02 -5.293057e-01 7.807296e-02 -1.418133e-02 9.968468e-01 5.971681e+01
9.968549e-01 -5.939343e-03 -7.902568e-02 -3.802176e+00 6.649061e-03 9.999399e-01 8.720757e-03 -5.566844e-01 7.896912e-02 -9.218776e-03 9.968344e-01 6.060737e+01
9.968003e-01 -2.560535e-03 -7.989084e-02 -3.900259e+00 3.274672e-03 9.999558e-01 8.809175e-03 -5.475638e-01 7.986475e-02 -9.042604e-03 9.967647e-01 6.155257e+01
9.967385e-01 -1.322996e-03 -8.068885e-02 -3.974851e+00 2.265405e-03 9.999303e-01 1.158912e-02 -5.519515e-01 8.066788e-02 -1.173412e-02 9.966720e-01 6.244614e+01
9.966339e-01 2.013433e-03 -8.195660e-02 -4.048163e+00 -9.122272e-04 9.999088e-01 1.347167e-02 -5.587105e-01 8.197624e-02 -1.335156e-02 9.965448e-01 6.331812e+01
9.965585e-01 3.375432e-03 -8.282335e-02 -4.129031e+00 -2.278996e-03 9.999086e-01 1.332922e-02 -5.733107e-01 8.286076e-02 -1.309459e-02 9.964751e-01 6.419625e+01
9.964146e-01 4.703142e-03 -8.447355e-02 -4.205686e+00 -3.512978e-03 9.998925e-01 1.423231e-02 -5.802799e-01 8.453140e-02 -1.388453e-02 9.963241e-01 6.504648e+01
9.962970e-01 4.274880e-03 -8.587163e-02 -4.289536e+00 -3.034992e-03 9.998893e-01 1.456421e-02 -5.810148e-01 8.592438e-02 -1.424965e-02 9.961998e-01 6.588574e+01
9.961853e-01 5.811276e-03 -8.706959e-02 -4.373682e+00 -4.515779e-03 9.998763e-01 1.506846e-02 -5.883156e-01 8.714637e-02 -1.461779e-02 9.960883e-01 6.670697e+01
9.960542e-01 6.964885e-03 -8.847376e-02 -4.441703e+00 -5.579404e-03 9.998581e-01 1.589745e-02 -6.080007e-01 8.857192e-02 -1.534109e-02 9.959516e-01 6.753427e+01
9.959649e-01 7.991013e-03 -8.938671e-02 -4.521970e+00 -6.323080e-03 9.998009e-01 1.892737e-02 -5.818601e-01 8.952015e-02 -1.828580e-02 9.958171e-01 6.833182e+01
9.958132e-01 9.728361e-03 -9.089229e-02 -4.605551e+00 -7.700185e-03 9.997141e-01 2.263814e-02 -5.869693e-01 9.108652e-02 -2.184347e-02 9.956034e-01 6.913553e+01
9.956820e-01 1.189179e-02 -9.206497e-02 -4.672351e+00 -9.642318e-03 9.996449e-01 2.483984e-02 -5.844668e-01 9.232766e-02 -2.384486e-02 9.954431e-01 6.988835e+01
9.955262e-01 1.458628e-02 -9.335356e-02 -4.755157e+00 -1.258722e-02 9.996795e-01 2.196698e-02 -6.035600e-01 9.364404e-02 -2.069364e-02 9.953907e-01 7.067092e+01
9.953596e-01 1.572014e-02 -9.493204e-02 -4.843925e+00 -1.440514e-02 9.997908e-01 1.452153e-02 -6.047733e-01 9.514045e-02 -1.308663e-02 9.953778e-01 7.137069e+01
9.952028e-01 1.617959e-02 -9.648640e-02 -4.921011e+00 -1.539033e-02 9.998418e-01 8.918649e-03 -6.242156e-01 9.661542e-02 -7.390907e-03 9.952943e-01 7.208971e+01
9.951431e-01 1.753029e-02 -9.686545e-02 -4.981845e+00 -1.687127e-02 9.998286e-01 7.618373e-03 -6.124782e-01 9.698239e-02 -5.947128e-03 9.952683e-01 7.277958e+01
9.950416e-01 1.912099e-02 -9.760404e-02 -5.065287e+00 -1.817497e-02 9.997789e-01 1.057234e-02 -6.258939e-01 9.778460e-02 -8.745965e-03 9.951692e-01 7.348274e+01
9.950068e-01 1.677772e-02 -9.838646e-02 -5.130070e+00 -1.553365e-02 9.997896e-01 1.339712e-02 -6.325428e-01 9.859052e-02 -1.180193e-02 9.950581e-01 7.410737e+01
9.948861e-01 1.614679e-02 -9.970375e-02 -5.183056e+00 -1.515863e-02 9.998283e-01 1.066059e-02 -6.474093e-01 9.985875e-02 -9.094704e-03 9.949601e-01 7.474092e+01
9.949715e-01 8.663869e-03 -9.978293e-02 -5.245122e+00 -8.097730e-03 9.999487e-01 6.077333e-03 -6.604998e-01 9.983046e-02 -5.238758e-03 9.949907e-01 7.537022e+01
9.951043e-01 5.432633e-03 -9.868134e-02 -5.294662e+00 -5.318125e-03 9.999848e-01 1.423384e-03 -6.739423e-01 9.868756e-02 -8.916154e-04 9.951181e-01 7.594563e+01
9.953964e-01 6.542755e-03 -9.562002e-02 -5.367214e+00 -6.495041e-03 9.999786e-01 8.102241e-04 -6.749516e-01 9.562326e-02 -1.854383e-04 9.954176e-01 7.654750e+01
9.957372e-01 1.168668e-02 -9.149236e-02 -5.437469e+00 -1.146364e-02 9.999299e-01 2.963027e-03 -6.782633e-01 9.152057e-02 -1.901561e-03 9.958014e-01 7.709540e+01
9.961743e-01 9.823903e-03 -8.683513e-02 -5.470069e+00 -9.333012e-03 9.999381e-01 6.057322e-03 -6.816902e-01 8.688925e-02 -5.223715e-03 9.962043e-01 7.765738e+01
9.966684e-01 7.076367e-03 -8.125276e-02 -5.517664e+00 -6.239199e-03 9.999249e-01 1.055252e-02 -6.926642e-01 8.132132e-02 -1.001041e-02 9.966377e-01 7.820137e+01
9.973296e-01 2.179855e-03 -7.299901e-02 -5.534409e+00 -1.171874e-03 9.999034e-01 1.384814e-02 -7.116724e-01 7.302213e-02 -1.372561e-02 9.972359e-01 7.873787e+01
9.980349e-01 3.861654e-03 -6.254147e-02 -5.577938e+00 -2.991953e-03 9.998976e-01 1.399368e-02 -7.213199e-01 6.258910e-02 -1.377905e-02 9.979443e-01 7.926044e+01
9.988146e-01 9.960193e-03 -4.764575e-02 -5.598846e+00 -9.303866e-03 9.998590e-01 1.397714e-02 -7.321179e-01 4.777825e-02 -1.351728e-02 9.987665e-01 7.974988e+01
9.994658e-01 1.499374e-02 -2.903892e-02 -5.619358e+00 -1.458773e-02 9.997936e-01 1.414321e-02 -7.111296e-01 2.924498e-02 -1.371204e-02 9.994782e-01 8.025479e+01
9.998736e-01 1.403855e-02 -7.457058e-03 -5.607474e+00 -1.392814e-02 9.997956e-01 1.465698e-02 -7.144267e-01 7.661295e-03 -1.455127e-02 9.998648e-01 8.071587e+01
9.997856e-01 8.314943e-03 1.896252e-02 -5.587406e+00 -8.613743e-03 9.998392e-01 1.573060e-02 -7.223461e-01 -1.882867e-02 -1.589056e-02 9.996964e-01 8.118951e+01
9.988095e-01 7.625587e-03 4.818136e-02 -5.537659e+00 -8.459404e-03 9.998176e-01 1.712567e-02 -7.157408e-01 -4.804197e-02 -1.751286e-02 9.986918e-01 8.165216e+01
9.966817e-01 7.310090e-03 8.106892e-02 -5.482465e+00 -8.841877e-03 9.997888e-01 1.855201e-02 -7.202314e-01 -8.091617e-02 -1.920725e-02 9.965358e-01 8.209515e+01
9.929116e-01 7.059788e-03 1.186453e-01 -5.404579e+00 -9.392806e-03 9.997731e-01 1.911614e-02 -7.235028e-01 -1.184834e-01 -2.009505e-02 9.927527e-01 8.254583e+01
9.870437e-01 6.921706e-03 1.603024e-01 -5.333885e+00 -1.011774e-02 9.997658e-01 1.912990e-02 -7.244911e-01 -1.601324e-01 -2.050394e-02 9.868826e-01 8.296279e+01
9.786691e-01 6.672204e-03 2.053346e-01 -5.222122e+00 -1.079327e-02 9.997620e-01 1.895650e-02 -7.255447e-01 -2.051592e-01 -2.076838e-02 9.785082e-01 8.338213e+01
9.672348e-01 7.045053e-03 2.537857e-01 -5.068043e+00 -1.189801e-02 9.997744e-01 1.759244e-02 -7.165051e-01 -2.536044e-01 -2.003557e-02 9.671005e-01 8.381621e+01
9.517456e-01 7.247256e-03 3.068026e-01 -4.933298e+00 -1.262251e-02 9.997996e-01 1.553968e-02 -7.373870e-01 -3.066285e-01 -1.866244e-02 9.516463e-01 8.416855e+01
9.321565e-01 6.861713e-03 3.619907e-01 -4.721269e+00 -1.267016e-02 9.998262e-01 1.367454e-02 -7.359958e-01 -3.618339e-01 -1.733329e-02 9.320814e-01 8.456440e+01
9.080182e-01 6.839156e-03 4.188749e-01 -4.561243e+00 -1.304563e-02 9.998434e-01 1.195485e-02 -7.333681e-01 -4.187275e-01 -1.631970e-02 9.079653e-01 8.489650e+01
8.792874e-01 6.722112e-03 4.762441e-01 -4.310600e+00 -1.300410e-02 9.998665e-01 9.896460e-03 -7.177890e-01 -4.761139e-01 -1.489496e-02 8.792575e-01 8.522755e+01
8.462837e-01 5.633914e-03 5.327028e-01 -4.010438e+00 -1.116556e-02 9.999120e-01 7.163123e-03 -7.455594e-01 -5.326155e-01 -1.200996e-02 8.462721e-01 8.557339e+01
8.094981e-01 5.363097e-03 5.870981e-01 -3.771482e+00 -1.072684e-02 9.999265e-01 5.656051e-03 -7.506468e-01 -5.870245e-01 -1.087627e-02 8.094961e-01 8.580575e+01
7.699852e-01 4.582892e-03 6.380453e-01 -3.460166e+00 -1.066719e-02 9.999269e-01 5.690854e-03 -7.679099e-01 -6.379725e-01 -1.118802e-02 7.699778e-01 8.612045e+01
7.274117e-01 4.784802e-03 6.861847e-01 -3.190261e+00 -1.228725e-02 9.999062e-01 6.053090e-03 -7.568132e-01 -6.860913e-01 -1.283441e-02 7.274022e-01 8.632901e+01
6.823040e-01 3.964283e-03 7.310579e-01 -2.886090e+00 -1.218408e-02 9.999081e-01 5.949365e-03 -7.582683e-01 -7.309670e-01 -1.296655e-02 6.822896e-01 8.655426e+01
6.356469e-01 -1.960108e-04 7.719799e-01 -2.526989e+00 -8.152397e-03 9.999425e-01 6.966562e-03 -7.629580e-01 -7.719368e-01 -1.072176e-02 6.356088e-01 8.678321e+01
5.890390e-01 -1.637212e-03 8.081030e-01 -2.221060e+00 -4.152521e-03 9.999786e-01 5.052790e-03 -7.965634e-01 -8.080939e-01 -6.331955e-03 5.890196e-01 8.693477e+01
5.419891e-01 -6.613302e-04 8.403853e-01 -1.874805e+00 -5.412632e-03 9.999762e-01 4.277683e-03 -7.891383e-01 -8.403680e-01 -6.867154e-03 5.419726e-01 8.713400e+01
4.948957e-01 1.084903e-03 8.689518e-01 -1.543832e+00 -8.091909e-03 9.999616e-01 3.360129e-03 -7.927894e-01 -8.689147e-01 -8.694392e-03 4.948854e-01 8.727054e+01
4.493022e-01 4.054554e-03 8.933707e-01 -1.186937e+00 -9.625186e-03 9.999536e-01 3.025076e-04 -8.088449e-01 -8.933279e-01 -8.734777e-03 4.493204e-01 8.741074e+01
4.064243e-01 1.546160e-03 9.136832e-01 -7.970335e-01 -3.156581e-03 9.999950e-01 -2.881092e-04 -7.929205e-01 -9.136789e-01 -2.767021e-03 4.064272e-01 8.754491e+01
3.671928e-01 -5.375267e-03 9.301294e-01 -4.514425e-01 8.353852e-03 9.999620e-01 2.480933e-03 -8.323283e-01 -9.301073e-01 6.859181e-03 3.672238e-01 8.761133e+01
3.316790e-01 -8.572926e-03 9.433534e-01 -2.535773e-02 1.288607e-02 9.999066e-01 4.556177e-03 -8.345707e-01 -9.433042e-01 1.064493e-02 3.317585e-01 8.770052e+01
2.982556e-01 -6.234370e-03 9.544658e-01 3.309427e-01 1.111086e-02 9.999336e-01 3.059389e-03 -8.568841e-01 -9.544213e-01 9.692450e-03 2.983050e-01 8.780304e+01
2.673493e-01 1.333658e-03 9.635988e-01 6.944706e-01 1.747999e-03 9.999967e-01 -1.869015e-03 -8.343028e-01 -9.635980e-01 2.184049e-03 2.673461e-01 8.789539e+01
2.388704e-01 5.952126e-03 9.710333e-01 1.096070e+00 -2.455579e-03 9.999817e-01 -5.525508e-03 -8.296955e-01 -9.710483e-01 -1.064569e-03 2.388807e-01 8.798462e+01
2.125056e-01 7.449697e-03 9.771315e-01 1.512769e+00 -1.239326e-03 9.999722e-01 -7.354309e-03 -8.478988e-01 -9.771590e-01 3.518469e-04 2.125089e-01 8.807109e+01
1.896328e-01 8.866092e-03 9.818151e-01 1.961504e+00 2.746725e-03 9.999505e-01 -9.560377e-03 -8.591091e-01 -9.818512e-01 4.509737e-03 1.895991e-01 8.808709e+01
1.691286e-01 1.358198e-02 9.855005e-01 2.369657e+00 7.805169e-03 9.998552e-01 -1.511932e-02 -8.865664e-01 -9.855630e-01 1.024911e-02 1.689981e-01 8.815305e+01
1.494482e-01 1.965414e-02 9.885743e-01 2.824452e+00 8.913079e-03 9.997350e-01 -2.122347e-02 -8.880445e-01 -9.887293e-01 1.198305e-02 1.492334e-01 8.819901e+01
1.314728e-01 2.086478e-02 9.911002e-01 3.283472e+00 6.647309e-03 9.997374e-01 -2.192840e-02 -8.995459e-01 -9.912974e-01 9.471136e-03 1.312996e-01 8.825811e+01
1.157708e-01 1.687397e-02 9.931327e-01 3.746620e+00 5.213800e-03 9.998316e-01 -1.759557e-02 -9.081016e-01 -9.932622e-01 7.215047e-03 1.156633e-01 8.828984e+01
1.011723e-01 1.345573e-02 9.947780e-01 4.230646e+00 6.247135e-03 9.998802e-01 -1.416010e-02 -9.419766e-01 -9.948492e-01 7.647122e-03 1.010761e-01 8.832775e+01
8.798742e-02 1.153569e-02 9.960549e-01 4.698546e+00 8.618004e-03 9.998867e-01 -1.234134e-02 -9.728865e-01 -9.960842e-01 9.669887e-03 8.787804e-02 8.837783e+01
7.590899e-02 1.088019e-02 9.970555e-01 5.214031e+00 1.375596e-02 9.998339e-01 -1.195780e-02 -9.977624e-01 -9.970198e-01 1.462316e-02 7.574671e-02 8.840619e+01
6.562394e-02 1.164682e-02 9.977765e-01 5.771015e+00 1.664323e-02 9.997800e-01 -1.276483e-02 -1.008965e+00 -9.977056e-01 1.744390e-02 6.541566e-02 8.843336e+01
5.743972e-02 1.176599e-02 9.982797e-01 6.302382e+00 2.045173e-02 9.997068e-01 -1.295957e-02 -1.017448e+00 -9.981394e-01 2.116094e-02 5.718225e-02 8.844660e+01
5.112650e-02 1.170329e-02 9.986237e-01 6.848348e+00 2.322386e-02 9.996470e-01 -1.290428e-02 -1.034651e+00 -9.984221e-01 2.385165e-02 5.083666e-02 8.848051e+01
4.542781e-02 1.250748e-02 9.988894e-01 7.430984e+00 2.417731e-02 9.996150e-01 -1.361611e-02 -1.066599e+00 -9.986749e-01 2.476901e-02 4.510792e-02 8.852080e+01
3.918227e-02 1.320448e-02 9.991449e-01 8.041199e+00 2.376743e-02 9.996175e-01 -1.414278e-02 -1.081325e+00 -9.989493e-01 2.430125e-02 3.885344e-02 8.853353e+01
3.469845e-02 1.342802e-02 9.993077e-01 8.663546e+00 2.627045e-02 9.995520e-01 -1.434348e-02 -1.085627e+00 -9.990524e-01 2.674996e-02 3.433015e-02 8.854277e+01
3.168899e-02 1.331820e-02 9.994091e-01 9.280727e+00 2.798899e-02 9.995073e-01 -1.420697e-02 -1.098213e+00 -9.991057e-01 2.842266e-02 3.130061e-02 8.856222e+01
2.856180e-02 1.280890e-02 9.995100e-01 9.936113e+00 2.834418e-02 9.995054e-01 -1.361880e-02 -1.128380e+00 -9.991900e-01 2.871926e-02 2.818462e-02 8.856426e+01
2.567536e-02 1.234378e-02 9.995942e-01 1.058980e+01 3.027018e-02 9.994556e-01 -1.311958e-02 -1.153146e+00 -9.992119e-01 3.059474e-02 2.528774e-02 8.855854e+01
2.539458e-02 1.237017e-02 9.996010e-01 1.126787e+01 3.535251e-02 9.992869e-01 -1.326440e-02 -1.162365e+00 -9.990521e-01 3.567524e-02 2.493915e-02 8.857325e+01
2.608978e-02 1.193575e-02 9.995884e-01 1.196472e+01 3.728808e-02 9.992212e-01 -1.290461e-02 -1.170499e+00 -9.989639e-01 3.760941e-02 2.562440e-02 8.857199e+01
2.857392e-02 1.139705e-02 9.995268e-01 1.264003e+01 3.870169e-02 9.991726e-01 -1.249940e-02 -1.196831e+00 -9.988421e-01 3.904053e-02 2.810919e-02 8.859270e+01
3.247286e-02 1.163786e-02 9.994049e-01 1.339124e+01 4.040027e-02 9.990997e-01 -1.294700e-02 -1.219887e+00 -9.986557e-01 4.079665e-02 3.197346e-02 8.861044e+01
3.596006e-02 1.145521e-02 9.992876e-01 1.418170e+01 3.968663e-02 9.991291e-01 -1.288154e-02 -1.237797e+00 -9.985648e-01 4.012158e-02 3.547412e-02 8.861839e+01
3.998853e-02 1.020209e-02 9.991481e-01 1.497839e+01 4.146254e-02 9.990697e-01 -1.186073e-02 -1.245165e+00 -9.983394e-01 4.190151e-02 3.952832e-02 8.866382e+01
4.427292e-02 8.577063e-03 9.989827e-01 1.582965e+01 4.366455e-02 9.989909e-01 -1.051226e-02 -1.256542e+00 -9.980647e-01 4.408554e-02 4.385374e-02 8.870400e+01
4.768858e-02 7.231488e-03 9.988361e-01 1.663791e+01 4.134930e-02 9.991023e-01 -9.207603e-03 -1.274743e+00 -9.980060e-01 4.174027e-02 4.734676e-02 8.871932e+01
5.155936e-02 5.961782e-03 9.986522e-01 1.745701e+01 3.711447e-02 9.992799e-01 -7.881711e-03 -1.297003e+00 -9.979800e-01 3.747082e-02 5.130097e-02 8.874213e+01
5.598657e-02 6.615888e-03 9.984097e-01 1.829638e+01 3.428612e-02 9.993755e-01 -8.544909e-03 -1.315352e+00 -9.978426e-01 3.470999e-02 5.572477e-02 8.881444e+01
5.965619e-02 9.955438e-03 9.981694e-01 1.896901e+01 3.289336e-02 9.993876e-01 -1.193348e-02 -1.320126e+00 -9.976768e-01 3.354505e-02 5.929219e-02 8.883243e+01
6.081174e-02 1.449075e-02 9.980441e-01 1.983629e+01 3.036213e-02 9.994051e-01 -1.636050e-02 -1.347390e+00 -9.976873e-01 3.129766e-02 6.033559e-02 8.893352e+01
6.056916e-02 1.725925e-02 9.980148e-01 2.065078e+01 2.836459e-02 9.994170e-01 -1.900493e-02 -1.364456e+00 -9.977608e-01 2.945939e-02 6.004430e-02 8.898725e+01
6.072127e-02 1.682489e-02 9.980130e-01 2.151585e+01 2.554913e-02 9.995041e-01 -1.840449e-02 -1.388653e+00 -9.978277e-01 2.661591e-02 6.026130e-02 8.903937e+01
6.015490e-02 1.533607e-02 9.980713e-01 2.241408e+01 2.458399e-02 9.995559e-01 -1.684059e-02 -1.414874e+00 -9.978862e-01 2.554962e-02 5.975116e-02 8.911181e+01
5.930414e-02 1.421407e-02 9.981388e-01 2.321714e+01 2.103886e-02 9.996587e-01 -1.548574e-02 -1.449484e+00 -9.980182e-01 2.191807e-02 5.898486e-02 8.915791e+01
5.974803e-02 1.345720e-02 9.981228e-01 2.412944e+01 1.816344e-02 9.997289e-01 -1.456612e-02 -1.453827e+00 -9.980482e-01 1.899964e-02 5.948740e-02 8.922282e+01
5.951834e-02 1.381257e-02 9.981317e-01 2.492958e+01 1.606885e-02 9.997614e-01 -1.479330e-02 -1.473115e+00 -9.980978e-01 1.691930e-02 5.928219e-02 8.927396e+01
5.955482e-02 1.403917e-02 9.981264e-01 2.570595e+01 1.314001e-02 9.998034e-01 -1.484677e-02 -1.504197e+00 -9.981385e-01 1.399959e-02 5.935864e-02 8.938132e+01
5.847639e-02 1.493680e-02 9.981771e-01 2.654160e+01 1.026445e-02 9.998262e-01 -1.556280e-02 -1.528551e+00 -9.982360e-01 1.115579e-02 5.831291e-02 8.944189e+01
5.558777e-02 1.472957e-02 9.983452e-01 2.730894e+01 9.194763e-03 9.998412e-01 -1.526361e-02 -1.554878e+00 -9.984114e-01 1.002802e-02 5.544352e-02 8.949965e+01
5.179522e-02 1.370361e-02 9.985638e-01 2.809854e+01 5.619337e-03 9.998860e-01 -1.401323e-02 -1.585892e+00 -9.986418e-01 6.337083e-03 5.171231e-02 8.957063e+01
4.676320e-02 1.193034e-02 9.988348e-01 2.896317e+01 1.497816e-03 9.999267e-01 -1.201351e-02 -1.611095e+00 -9.989048e-01 2.057860e-03 4.674191e-02 8.958889e+01
4.075642e-02 9.979921e-03 9.991193e-01 2.992193e+01 -6.503216e-05 9.999501e-01 -9.985568e-03 -1.620516e+00 -9.991690e-01 3.420005e-04 4.075504e-02 8.967769e+01
3.303773e-02 1.041831e-02 9.993999e-01 3.071300e+01 6.342933e-04 9.999452e-01 -1.044496e-02 -1.647901e+00 -9.994538e-01 9.789899e-04 3.302932e-02 8.969004e+01
2.373808e-02 1.092246e-02 9.996586e-01 3.159539e+01 -1.739442e-03 9.999393e-01 -1.088422e-02 -1.677715e+00 -9.997166e-01 -1.480478e-03 2.375564e-02 8.968736e+01
1.305193e-02 1.077050e-02 9.998569e-01 3.250333e+01 -1.724060e-03 9.999407e-01 -1.074889e-02 -1.707340e+00 -9.999133e-01 -1.583520e-03 1.306973e-02 8.971200e+01
2.809171e-03 1.036217e-02 9.999424e-01 3.331778e+01 -1.087532e-03 9.999458e-01 -1.035915e-02 -1.757860e+00 -9.999954e-01 -1.058369e-03 2.820289e-03 8.971607e+01
-8.032811e-03 9.621861e-03 9.999215e-01 3.410622e+01 -1.924663e-03 9.999517e-01 -9.637614e-03 -1.762212e+00 -9.999658e-01 -2.001930e-03 -8.013903e-03 8.972478e+01
-1.952954e-02 9.215222e-03 9.997669e-01 3.498654e+01 -1.124716e-03 9.999567e-01 -9.238942e-03 -1.779321e+00 -9.998086e-01 -1.304887e-03 -1.951832e-02 8.969570e+01
-3.036914e-02 9.327021e-03 9.994953e-01 3.581524e+01 -4.647165e-04 9.999562e-01 -9.345442e-03 -1.808458e+00 -9.995386e-01 -7.482956e-04 -3.036347e-02 8.964135e+01
-4.234174e-02 9.570214e-03 9.990574e-01 3.654369e+01 -7.980696e-04 9.999535e-01 -9.612622e-03 -1.841732e+00 -9.991028e-01 -1.204333e-03 -4.233213e-02 8.961929e+01
-5.310758e-02 1.035183e-02 9.985352e-01 3.735404e+01 -3.772273e-03 9.999371e-01 -1.056700e-02 -1.855135e+00 -9.985816e-01 -4.327935e-03 -5.306519e-02 8.956360e+01
-6.356671e-02 1.139109e-02 9.979126e-01 3.819223e+01 -4.148852e-03 9.999232e-01 -1.167832e-02 -1.882868e+00 -9.979689e-01 -4.882545e-03 -6.351457e-02 8.950585e+01
-7.234776e-02 1.215656e-02 9.973054e-01 3.891774e+01 -4.772597e-03 9.999100e-01 -1.253452e-02 -1.903803e+00 -9.973680e-01 -5.666582e-03 -7.228323e-02 8.947346e+01
-8.153997e-02 1.249854e-02 9.965918e-01 3.972104e+01 -5.472351e-03 9.999007e-01 -1.298778e-02 -1.920687e+00 -9.966550e-01 -6.512723e-03 -8.146347e-02 8.941079e+01
-9.126688e-02 1.314565e-02 9.957398e-01 4.047798e+01 -4.327623e-03 9.998982e-01 -1.359721e-02 -1.937617e+00 -9.958170e-01 -5.550162e-03 -9.120070e-02 8.931003e+01
-9.975808e-02 1.249409e-02 9.949333e-01 4.125291e+01 -4.032291e-03 9.999079e-01 -1.296086e-02 -1.977045e+00 -9.950035e-01 -5.304812e-03 -9.969850e-02 8.920949e+01
-1.077149e-01 1.166934e-02 9.941134e-01 4.201772e+01 -1.624514e-03 9.999277e-01 -1.191361e-02 -2.003027e+00 -9.941804e-01 -2.898225e-03 -1.076881e-01 8.911603e+01
-1.134921e-01 1.003572e-02 9.934883e-01 4.274355e+01 1.278837e-04 9.999491e-01 -1.008637e-02 -2.023596e+00 -9.935388e-01 -1.017674e-03 -1.134877e-01 8.904436e+01
-1.176605e-01 9.250978e-03 9.930108e-01 4.348696e+01 3.789941e-03 9.999535e-01 -8.866592e-03 -2.051736e+00 -9.930466e-01 2.720204e-03 -1.176901e-01 8.894104e+01
-1.202062e-01 8.404894e-03 9.927134e-01 4.420710e+01 6.282240e-03 9.999506e-01 -7.705461e-03 -2.082690e+00 -9.927290e-01 5.310219e-03 -1.202531e-01 8.885279e+01
-1.221472e-01 7.581617e-03 9.924831e-01 4.487249e+01 8.321789e-03 9.999435e-01 -6.614426e-03 -2.100162e+00 -9.924770e-01 7.451301e-03 -1.222034e-01 8.877061e+01
-1.225319e-01 7.521430e-03 9.924361e-01 4.551096e+01 1.033374e-02 9.999267e-01 -6.302336e-03 -2.108774e+00 -9.924107e-01 9.483342e-03 -1.226007e-01 8.869735e+01
-1.216211e-01 8.948419e-03 9.925363e-01 4.617609e+01 1.181163e-02 9.999016e-01 -7.567477e-03 -2.124168e+00 -9.925063e-01 1.080310e-02 -1.217148e-01 8.861348e+01
-1.192274e-01 1.039192e-02 9.928127e-01 4.682892e+01 1.292136e-02 9.998768e-01 -8.914128e-03 -2.147702e+00 -9.927828e-01 1.176568e-02 -1.193470e-01 8.853446e+01
-1.139293e-01 1.075759e-02 9.934307e-01 4.748824e+01 1.458567e-02 9.998517e-01 -9.154398e-03 -2.159692e+00 -9.933817e-01 1.344690e-02 -1.140693e-01 8.846977e+01
-1.057658e-01 1.144767e-02 9.943252e-01 4.807277e+01 1.408687e-02 9.998506e-01 -1.001287e-02 -2.164755e+00 -9.942912e-01 1.294791e-02 -1.059112e-01 8.843830e+01
-9.438345e-02 1.192426e-02 9.954646e-01 4.870026e+01 1.318865e-02 9.998555e-01 -1.072640e-02 -2.184326e+00 -9.954485e-01 1.211644e-02 -9.452707e-02 8.836813e+01
-8.109009e-02 1.243962e-02 9.966292e-01 4.929405e+01 1.383665e-02 9.998398e-01 -1.135388e-02 -2.214935e+00 -9.966107e-01 1.286933e-02 -8.124922e-02 8.832715e+01
-6.513416e-02 1.408583e-02 9.977772e-01 4.984255e+01 1.411554e-02 9.998133e-01 -1.319312e-02 -2.223071e+00 -9.977766e-01 1.322484e-02 -6.532083e-02 8.833040e+01
-4.362537e-02 1.599914e-02 9.989199e-01 5.037335e+01 1.239507e-02 9.998035e-01 -1.547197e-02 -2.236668e+00 -9.989710e-01 1.170671e-02 -4.381511e-02 8.832139e+01
-1.892833e-02 1.819147e-02 9.996554e-01 5.090548e+01 1.043347e-02 9.997836e-01 -1.799625e-02 -2.261688e+00 -9.997663e-01 1.008924e-02 -1.911403e-02 8.833046e+01
9.262658e-03 2.001810e-02 9.997568e-01 5.144156e+01 8.335686e-03 9.997633e-01 -2.009546e-02 -2.279256e+00 -9.999223e-01 8.519795e-03 9.093603e-03 8.835204e+01
4.232848e-02 1.992901e-02 9.989050e-01 5.199717e+01 6.815524e-03 9.997720e-01 -2.023512e-02 -2.323470e+00 -9.990804e-01 7.664583e-03 4.218300e-02 8.838884e+01
8.023527e-02 1.821782e-02 9.966095e-01 5.256364e+01 5.886105e-03 9.998069e-01 -1.875015e-02 -2.328369e+00 -9.967585e-01 7.370571e-03 8.011254e-02 8.845319e+01
1.231559e-01 1.509755e-02 9.922726e-01 5.310076e+01 4.911017e-03 9.998628e-01 -1.582257e-02 -2.341408e+00 -9.923751e-01 6.821710e-03 1.230649e-01 8.853973e+01
1.677672e-01 1.083360e-02 9.857672e-01 5.364875e+01 1.863878e-03 9.999343e-01 -1.130651e-02 -2.347742e+00 -9.858248e-01 3.734210e-03 1.677360e-01 8.865944e+01
2.157123e-01 8.145815e-03 9.764230e-01 5.414995e+01 -2.554897e-03 9.999665e-01 -7.777797e-03 -2.345742e+00 -9.764536e-01 -8.168945e-04 2.157259e-01 8.881257e+01
2.668356e-01 6.919410e-03 9.637173e-01 5.460749e+01 -5.730457e-03 9.999679e-01 -5.593029e-03 -2.367260e+00 -9.637249e-01 -4.030121e-03 2.668667e-01 8.896951e+01
3.207098e-01 6.375846e-03 9.471561e-01 5.509022e+01 -7.881531e-03 9.999607e-01 -4.062594e-03 -2.361524e+00 -9.471446e-01 -6.162127e-03 3.207474e-01 8.918764e+01
3.784138e-01 7.095580e-03 9.256094e-01 5.554529e+01 -5.479547e-03 9.999703e-01 -5.425434e-03 -2.389244e+00 -9.256203e-01 -3.018862e-03 3.784414e-01 8.941408e+01
4.389778e-01 9.680704e-03 8.984458e-01 5.597908e+01 -3.482044e-03 9.999528e-01 -9.073120e-03 -2.413731e+00 -8.984911e-01 8.544697e-04 4.389908e-01 8.963274e+01
4.974663e-01 1.296117e-02 8.673865e-01 5.639622e+01 -2.202274e-03 9.999040e-01 -1.367829e-02 -2.426175e+00 -8.674805e-01 4.894264e-03 4.974471e-01 8.994009e+01
5.560679e-01 1.693217e-02 8.309645e-01 5.674828e+01 -5.868737e-03 9.998475e-01 -1.644616e-02 -2.430820e+00 -8.311161e-01 4.268469e-03 5.560824e-01 9.021965e+01
6.117043e-01 1.920200e-02 7.908535e-01 5.709451e+01 -9.231729e-03 9.998106e-01 -1.713500e-02 -2.434757e+00 -7.910326e-01 3.180607e-03 6.117657e-01 9.057802e+01
6.649689e-01 2.122475e-02 7.465694e-01 5.741831e+01 -9.698093e-03 9.997572e-01 -1.978472e-02 -2.444884e+00 -7.468080e-01 5.915922e-03 6.650133e-01 9.091631e+01
7.148108e-01 1.987948e-02 6.990353e-01 5.769924e+01 -9.985203e-03 9.997841e-01 -1.822176e-02 -2.463333e+00 -6.992466e-01 6.045102e-03 7.148550e-01 9.126578e+01
7.605250e-01 1.676377e-02 6.490923e-01 5.799583e+01 -1.183761e-02 9.998585e-01 -1.195299e-02 -2.489882e+00 -6.492007e-01 1.406851e-03 7.606158e-01 9.167344e+01
8.023375e-01 1.145309e-02 5.967608e-01 5.821283e+01 -1.004621e-02 9.999334e-01 -5.683811e-03 -2.485915e+00 -5.967861e-01 -1.434852e-03 8.023991e-01 9.207179e+01
8.400812e-01 9.247461e-03 5.423820e-01 5.842094e+01 -1.187366e-02 9.999286e-01 1.342300e-03 -2.502457e+00 -5.423307e-01 -7.567700e-03 8.401310e-01 9.246543e+01
8.721575e-01 6.453110e-03 4.891826e-01 5.862875e+01 -1.172064e-02 9.999016e-01 7.706273e-03 -2.487300e+00 -4.890847e-01 -1.245462e-02 8.721473e-01 9.291667e+01
8.984758e-01 6.668249e-03 4.389724e-01 5.879172e+01 -1.436857e-02 9.997956e-01 1.422168e-02 -2.504105e+00 -4.387878e-01 -1.908524e-02 8.983880e-01 9.336193e+01
9.194775e-01 7.915443e-03 3.930629e-01 5.891998e+01 -1.645507e-02 9.996960e-01 1.836100e-02 -2.513128e+00 -3.927981e-01 -2.335041e-02 9.193282e-01 9.377589e+01
9.356026e-01 1.316726e-02 3.528093e-01 5.908457e+01 -2.211643e-02 9.995275e-01 2.134624e-02 -2.501832e+00 -3.523615e-01 -2.777447e-02 9.354517e-01 9.427635e+01
9.482043e-01 1.847985e-02 3.171231e-01 5.919916e+01 -2.630080e-02 9.994459e-01 2.039878e-02 -2.505705e+00 -3.165704e-01 -2.768280e-02 9.481650e-01 9.471702e+01
9.579526e-01 2.106473e-02 2.861524e-01 5.928871e+01 -2.780434e-02 9.994230e-01 1.950940e-02 -2.469592e+00 -2.855763e-01 -2.664535e-02 9.579855e-01 9.520376e+01
9.645050e-01 1.652353e-02 2.635473e-01 5.942731e+01 -2.283365e-02 9.995208e-01 2.089782e-02 -2.508579e+00 -2.630757e-01 -2.617379e-02 9.644201e-01 9.567689e+01
9.686796e-01 1.314425e-02 2.479658e-01 5.953831e+01 -1.913772e-02 9.995797e-01 2.177555e-02 -2.498980e+00 -2.475753e-01 -2.583903e-02 9.685240e-01 9.616093e+01
9.719127e-01 1.683716e-02 2.347386e-01 5.963848e+01 -2.260094e-02 9.995050e-01 2.188526e-02 -2.495094e+00 -2.342539e-01 -2.657588e-02 9.718121e-01 9.665509e+01
9.740875e-01 2.146344e-02 2.251509e-01 5.973238e+01 -2.699460e-02 9.994040e-01 2.151646e-02 -2.479042e+00 -2.245549e-01 -2.703678e-02 9.740863e-01 9.716862e+01
9.753419e-01 2.738152e-02 2.189941e-01 5.982607e+01 -3.261037e-02 9.992620e-01 2.029714e-02 -2.471666e+00 -2.182767e-01 -2.693813e-02 9.755151e-01 9.767963e+01
9.756975e-01 3.519515e-02 2.162770e-01 5.991659e+01 -3.982765e-02 9.990603e-01 1.709690e-02 -2.464620e+00 -2.154720e-01 -2.529520e-02 9.761823e-01 9.820277e+01
9.758929e-01 3.612729e-02 2.152392e-01 6.004732e+01 -4.018711e-02 9.990867e-01 1.451420e-02 -2.466282e+00 -2.145183e-01 -2.281415e-02 9.764535e-01 9.872691e+01
9.755990e-01 3.442205e-02 2.168451e-01 6.016897e+01 -3.776302e-02 9.992230e-01 1.128113e-02 -2.474376e+00 -2.162883e-01 -1.919458e-02 9.761408e-01 9.927567e+01
9.746459e-01 3.484728e-02 2.210227e-01 6.029610e+01 -3.684906e-02 9.993086e-01 4.938846e-03 -2.471852e+00 -2.206977e-01 -1.295810e-02 9.752562e-01 9.983283e+01
9.736781e-01 3.768984e-02 2.247899e-01 6.042571e+01 -3.861044e-02 9.992543e-01 -3.007007e-04 -2.484510e+00 -2.246336e-01 -8.386451e-03 9.744072e-01 1.003904e+02
9.725666e-01 4.082976e-02 2.290134e-01 6.055154e+01 -4.191291e-02 9.991213e-01 -1.343941e-04 -2.473367e+00 -2.288176e-01 -9.467911e-03 9.734233e-01 1.009674e+02
9.712548e-01 4.170522e-02 2.343605e-01 6.068912e+01 -4.374165e-02 9.990368e-01 3.495666e-03 -2.467028e+00 -2.339890e-01 -1.364650e-02 9.721435e-01 1.015507e+02
9.701620e-01 4.078314e-02 2.390028e-01 6.082866e+01 -4.409560e-02 9.989909e-01 8.526673e-03 -2.475584e+00 -2.384139e-01 -1.881123e-02 9.709814e-01 1.021832e+02
9.694046e-01 3.584373e-02 2.428373e-01 6.098253e+01 -4.041707e-02 9.990865e-01 1.387560e-02 -2.473653e+00 -2.421181e-01 -2.326584e-02 9.699678e-01 1.027747e+02
9.685630e-01 3.285725e-02 2.465892e-01 6.116897e+01 -3.867919e-02 9.990748e-01 1.880208e-02 -2.479536e+00 -2.457432e-01 -2.774886e-02 9.689377e-01 1.033963e+02
9.679451e-01 3.195288e-02 2.491209e-01 6.132340e+01 -3.787198e-02 9.991019e-01 1.900212e-02 -2.466844e+00 -2.482900e-01 -2.782772e-02 9.682860e-01 1.040555e+02
9.678005e-01 2.722680e-02 2.502417e-01 6.147781e+01 -3.241736e-02 9.993358e-01 1.664320e-02 -2.470012e+00 -2.496223e-01 -2.421947e-02 9.680404e-01 1.046937e+02
9.680714e-01 2.525267e-02 2.493994e-01 6.164267e+01 -2.871323e-02 9.995352e-01 1.024673e-02 -2.475555e+00 -2.490247e-01 -1.708063e-02 9.683465e-01 1.053175e+02
9.683478e-01 3.091476e-02 2.476831e-01 6.183271e+01 -3.279837e-02 9.994559e-01 3.481433e-03 -2.464414e+00 -2.474406e-01 -1.149484e-02 9.688349e-01 1.060013e+02
9.690450e-01 2.958573e-02 2.451050e-01 6.199758e+01 -3.052887e-02 9.995339e-01 4.860913e-05 -2.483443e+00 -2.449893e-01 -7.529882e-03 9.694965e-01 1.066649e+02
9.694264e-01 3.155557e-02 2.433448e-01 6.214699e+01 -3.353671e-02 9.994295e-01 4.001764e-03 -2.470054e+00 -2.430796e-01 -1.204040e-02 9.699316e-01 1.073967e+02
9.699567e-01 2.464243e-02 2.420262e-01 6.232852e+01 -2.825148e-02 9.995352e-01 1.145224e-02 -2.491933e+00 -2.416315e-01 -1.794577e-02 9.702021e-01 1.080778e+02
9.706190e-01 2.455792e-02 2.393650e-01 6.249515e+01 -2.952380e-02 9.994164e-01 1.718205e-02 -2.470692e+00 -2.388033e-01 -2.374419e-02 9.707776e-01 1.087861e+02
9.710334e-01 2.841622e-02 2.372480e-01 6.265998e+01 -3.331387e-02 9.993061e-01 1.665929e-02 -2.472984e+00 -2.366099e-01 -2.408037e-02 9.713063e-01 1.095216e+02
9.712869e-01 3.419459e-02 2.354413e-01 6.282003e+01 -3.818302e-02 9.991938e-01 1.240072e-02 -2.466297e+00 -2.348274e-01 -2.103451e-02 9.718095e-01 1.102618e+02
9.723323e-01 3.520369e-02 2.309343e-01 6.299553e+01 -3.787375e-02 9.992570e-01 7.137711e-03 -2.478532e+00 -2.305114e-01 -1.568657e-02 9.729432e-01 1.110170e+02
9.732847e-01 3.571257e-02 2.268072e-01 6.319045e+01 -3.759785e-02 9.992850e-01 3.996228e-03 -2.483931e+00 -2.265023e-01 -1.241693e-02 9.739315e-01 1.117816e+02
9.742470e-01 3.317678e-02 2.230293e-01 6.335197e+01 -3.522485e-02 9.993658e-01 5.209957e-03 -2.480426e+00 -2.227150e-01 -1.293196e-02 9.747978e-01 1.125459e+02
9.751150e-01 2.964678e-02 2.197084e-01 6.351627e+01 -3.213882e-02 9.994532e-01 7.776137e-03 -2.493542e+00 -2.193577e-01 -1.464380e-02 9.755346e-01 1.133362e+02
9.756438e-01 2.805517e-02 2.175594e-01 6.368731e+01 -3.109034e-02 9.994610e-01 1.053990e-02 -2.488293e+00 -2.171464e-01 -1.704718e-02 9.759902e-01 1.141269e+02
9.759428e-01 2.675980e-02 2.163784e-01 6.387380e+01 -3.026855e-02 9.994583e-01 1.291751e-02 -2.489660e+00 -2.159155e-01 -1.915620e-02 9.762241e-01 1.149199e+02
