1.000000e+00 -1.179437e-19 -1.717075e-19 0.000000e+00 2.410751e-18 1.000000e+00 3.393381e-19 0.000000e+00 2.880965e-19 -9.899397e-19 1.000000e+00 5.551115e-17
9.989552e-01 -1.089586e-03 4.568759e-02 4.703969e-02 1.160239e-03 9.999982e-01 -1.519944e-03 -2.773122e-02 -4.568584e-02 1.571365e-03 9.989546e-01 9.427050e-01
9.958554e-01 -4.615551e-03 9.083373e-02 1.586012e-01 5.183415e-03 9.999685e-01 -6.016789e-03 -4.401876e-02 -9.080308e-02 6.462680e-03 9.958479e-01 2.026539e+00
9.906648e-01 -5.056797e-03 1.362269e-01 2.784199e-01 6.384106e-03 9.999363e-01 -9.308251e-03 -9.372129e-02 -1.361712e-01 1.009104e-02 9.906339e-01 2.989385e+00
9.832206e-01 -3.174697e-03 1.823928e-01 4.528310e-01 5.555124e-03 9.999059e-01 -1.254169e-02 -8.449797e-02 -1.823358e-01 1.334446e-02 9.831457e-01 4.007295e+00
9.736373e-01 -5.754504e-03 2.280293e-01 6.943043e-01 8.792696e-03 9.998856e-01 -1.231005e-02 -1.334824e-01 -2.279323e-01 1.399052e-02 9.735765e-01 4.945955e+00
9.618964e-01 -6.790358e-03 2.733297e-01 9.529970e-01 1.085551e-02 9.998518e-01 -1.336306e-02 -1.557465e-01 -2.731984e-01 1.582101e-02 9.618276e-01 5.906532e+00
9.481328e-01 -9.632976e-03 3.177287e-01 1.269647e+00 1.545201e-02 9.997558e-01 -1.579943e-02 -1.748879e-01 -3.174988e-01 1.988950e-02 9.480500e-01 6.907029e+00
9.328855e-01 -1.154040e-02 3.599882e-01 1.610914e+00 1.882941e-02 9.996824e-01 -1.674763e-02 -2.635425e-01 -3.596805e-01 2.240199e-02 9.328065e-01 7.753320e+00
9.154002e-01 -1.177151e-02 4.023728e-01 2.024562e+00 2.045879e-02 9.996410e-01 -1.729912e-02 -2.521994e-01 -4.020247e-01 2.406767e-02 9.153124e-01 8.665182e+00
8.954401e-01 -1.258627e-02 4.450041e-01 2.453252e+00 2.214681e-02 9.996220e-01 -1.629115e-02 -2.999267e-01 -4.446308e-01 2.444317e-02 8.953803e-01 9.588181e+00
8.735823e-01 -1.262421e-02 4.865127e-01 2.938314e+00 2.288816e-02 9.996231e-01 -1.515939e-02 -3.455400e-01 -4.861379e-01 2.437836e-02 8.735420e-01 1.042542e+01
8.490995e-01 -1.281222e-02 5.280776e-01 3.452926e+00 2.408258e-02 9.996052e-01 -1.447013e-02 -3.640033e-01 -5.276837e-01 2.500405e-02 8.490728e-01 1.129065e+01
8.234290e-01 -1.325550e-02 5.672645e-01 3.995421e+00 2.552480e-02 9.995804e-01 -1.369365e-02 -3.934590e-01 -5.668449e-01 2.575506e-02 8.234218e-01 1.204604e+01
7.961092e-01 -1.490523e-02 6.049695e-01 4.584103e+00 2.893639e-02 9.994907e-01 -1.345340e-02 -4.540452e-01 -6.044608e-01 2.821601e-02 7.961350e-01 1.284718e+01
7.665066e-01 -1.458632e-02 6.420708e-01 5.210161e+00 3.035928e-02 9.994474e-01 -1.353797e-02 -4.502410e-01 -6.415184e-01 2.986975e-02 7.665259e-01 1.363268e+01
7.361625e-01 -1.742994e-02 6.765804e-01 5.873580e+00 3.499378e-02 9.993114e-01 -1.233138e-02 -5.018978e-01 -6.758995e-01 3.275401e-02 7.362655e-01 1.430859e+01
7.038416e-01 -1.708703e-02 7.101515e-01 6.558240e+00 3.576499e-02 9.992952e-01 -1.140307e-02 -5.316005e-01 -7.094560e-01 3.342451e-02 7.039566e-01 1.497268e+01
6.690448e-01 -1.620234e-02 7.430455e-01 7.276417e+00 3.729212e-02 9.992349e-01 -1.178953e-02 -5.348628e-01 -7.422858e-01 3.559747e-02 6.691372e-01 1.565385e+01
6.336932e-01 -1.710186e-02 7.733955e-01 8.008574e+00 4.145653e-02 9.990697e-01 -1.187590e-02 -5.840209e-01 -7.724728e-01 3.958797e-02 6.338127e-01 1.624738e+01
5.964764e-01 -1.605988e-02 8.024700e-01 8.805475e+00 4.253894e-02 9.990272e-01 -1.162562e-02 -6.093169e-01 -8.015025e-01 4.107063e-02 5.965793e-01 1.682879e+01
5.591463e-01 -1.530373e-02 8.289278e-01 9.567979e+00 4.537469e-02 9.988960e-01 -1.216543e-02 -6.475609e-01 -8.278263e-01 4.441460e-02 5.592234e-01 1.732852e+01
5.200694e-01 -1.381610e-02 8.540123e-01 1.036439e+01 4.951490e-02 9.986753e-01 -1.399674e-02 -6.744604e-01 -8.526875e-01 4.956561e-02 5.200646e-01 1.781907e+01
4.804219e-01 -1.266447e-02 8.769461e-01 1.125467e+01 5.192509e-02 9.985525e-01 -1.402574e-02 -6.862183e-01 -8.754990e-01 5.227378e-02 4.803841e-01 1.828193e+01
4.420390e-01 -1.436268e-02 8.968809e-01 1.209312e+01 5.671645e-02 9.983186e-01 -1.196631e-02 -7.111125e-01 -8.952009e-01 5.615747e-02 4.421103e-01 1.870082e+01
4.048509e-01 -1.527757e-02 9.142552e-01 1.299225e+01 6.107688e-02 9.980792e-01 -1.036779e-02 -7.505433e-01 -9.123405e-01 6.003726e-02 4.050063e-01 1.909254e+01
3.688293e-01 -1.333434e-02 9.294016e-01 1.392384e+01 6.236518e-02 9.979989e-01 -1.043085e-02 -7.802286e-01 -9.274025e-01 6.180950e-02 3.689228e-01 1.946845e+01
3.356804e-01 -1.371736e-02 9.418761e-01 1.480985e+01 6.344764e-02 9.979525e-01 -8.078405e-03 -7.954448e-01 -9.398366e-01 6.247158e-02 3.358635e-01 1.978467e+01
3.016848e-01 -1.522450e-02 9.532862e-01 1.577826e+01 6.560121e-02 9.978343e-01 -4.824736e-03 -8.029796e-01 -9.511481e-01 6.399227e-02 3.020301e-01 2.007131e+01
2.688184e-01 -1.542388e-02 9.630674e-01 1.671911e+01 6.687667e-02 9.977576e-01 -2.687651e-03 -8.315827e-01 -9.608663e-01 6.512923e-02 2.692471e-01 2.033648e+01
2.364935e-01 -1.296865e-02 9.715466e-01 1.769287e+01 6.434823e-02 9.979248e-01 -2.342864e-03 -8.611158e-01 -9.694999e-01 6.307137e-02 2.368372e-01 2.059267e+01
2.046247e-01 -1.099622e-02 9.787788e-01 1.868016e+01 6.413579e-02 9.979388e-01 -2.196830e-03 -8.535264e-01 -9.767370e-01 6.322428e-02 2.049082e-01 2.080792e+01
1.741801e-01 -1.077039e-02 9.846550e-01 1.966461e+01 6.568363e-02 9.978402e-01 -7.044576e-04 -8.659225e-01 -9.825207e-01 6.479842e-02 1.745113e-01 2.096580e+01
1.435929e-01 -1.120966e-02 9.895734e-01 2.067492e+01 6.723239e-02 9.977361e-01 1.546311e-03 -8.854782e-01 -9.873504e-01 6.630934e-02 1.440215e-01 2.112143e+01
1.123780e-01 -1.159096e-02 9.935980e-01 2.174223e+01 6.649501e-02 9.977783e-01 4.119001e-03 -8.938053e-01 -9.914381e-01 6.560642e-02 1.128991e-01 2.124000e+01
8.325311e-02 -1.173855e-02 9.964594e-01 2.279345e+01 6.688698e-02 9.977415e-01 6.165318e-03 -8.940866e-01 -9.942811e-01 6.613688e-02 8.385024e-02 2.132682e+01
5.522692e-02 -1.156423e-02 9.984069e-01 2.387747e+01 6.910110e-02 9.975797e-01 7.732318e-03 -8.925456e-01 -9.960798e-01 6.856398e-02 5.589236e-02 2.138898e+01
3.005080e-02 -1.119446e-02 9.994858e-01 2.493240e+01 7.314884e-02 9.972807e-01 8.970451e-03 -8.983197e-01 -9.968681e-01 7.284165e-02 3.078795e-02 2.142919e+01
7.215488e-03 -1.065271e-02 9.999173e-01 2.602652e+01 7.747180e-02 9.969438e-01 1.006198e-02 -8.893226e-01 -9.969684e-01 7.739279e-02 8.018722e-03 2.142416e+01
-1.364177e-02 -1.113744e-02 9.998450e-01 2.715679e+01 8.301524e-02 9.964732e-01 1.223254e-02 -9.057793e-01 -9.964548e-01 8.316924e-02 -1.266908e-02 2.139602e+01
-3.111693e-02 -1.139226e-02 9.994509e-01 2.825769e+01 8.752078e-02 9.960632e-01 1.407852e-02 -8.975230e-01 -9.956765e-01 8.791080e-02 -2.999737e-02 2.137578e+01
-4.691912e-02 -1.166622e-02 9.988306e-01 2.939858e+01 9.026549e-02 9.957913e-01 1.587085e-02 -8.916317e-01 -9.948118e-01 9.090458e-02 -4.566859e-02 2.131888e+01
-6.174933e-02 -1.217177e-02 9.980175e-01 3.053714e+01 9.273733e-02 9.955301e-01 1.787927e-02 -8.908179e-01 -9.937740e-01 9.365751e-02 -6.034453e-02 2.124175e+01
-7.479390e-02 -1.291302e-02 9.971155e-01 3.167918e+01 9.306165e-02 9.954620e-01 1.987219e-02 -8.820533e-01 -9.928471e-01 9.427952e-02 -7.325278e-02 2.116652e+01
-8.700615e-02 -1.289368e-02 9.961244e-01 3.282372e+01 9.310630e-02 9.954343e-01 2.101709e-02 -8.756830e-01 -9.918473e-01 9.457406e-02 -8.540842e-02 2.107201e+01
-9.896095e-02 -1.047104e-02 9.950363e-01 3.397507e+01 9.308311e-02 9.954628e-01 1.973307e-02 -8.657321e-01 -9.907281e-01 9.457387e-02 -9.753726e-02 2.096508e+01
-1.087113e-01 -7.259874e-03 9.940469e-01 3.515767e+01 9.352361e-02 9.954633e-01 1.749818e-02 -8.563360e-01 -9.896641e-01 9.486910e-02 -1.075391e-01 2.083952e+01
-1.185837e-01 -4.853107e-03 9.929323e-01 3.636017e+01 9.412839e-02 9.954298e-01 1.610686e-02 -8.487474e-01 -9.884724e-01 9.537312e-02 -1.175849e-01 2.070282e+01
-1.258108e-01 -3.802773e-03 9.920470e-01 3.757423e+01 9.410588e-02 9.954376e-01 1.575022e-02 -8.350019e-01 -9.875807e-01 9.533900e-02 -1.248789e-01 2.055641e+01
-1.317890e-01 -3.011307e-03 9.912733e-01 3.882121e+01 9.406134e-02 9.954453e-01 1.552936e-02 -8.141043e-01 -9.868049e-01 9.528709e-02 -1.309054e-01 2.039402e+01
-1.372383e-01 -1.765144e-03 9.905365e-01 4.009481e+01 9.468957e-02 9.953954e-01 1.489300e-02 -8.124322e-01 -9.860017e-01 9.583736e-02 -1.364393e-01 2.021985e+01
-1.416503e-01 -1.226708e-04 9.899168e-01 4.136696e+01 9.400519e-02 9.954792e-01 1.357485e-02 -7.971610e-01 -9.854431e-01 9.498020e-02 -1.409983e-01 2.004834e+01
-1.455758e-01 6.580468e-04 9.893470e-01 4.267212e+01 9.421428e-02 9.954644e-01 1.320089e-02 -8.045139e-01 -9.848509e-01 9.513234e-02 -1.449775e-01 1.986483e+01
-1.484583e-01 -1.990158e-04 9.889187e-01 4.403032e+01 9.435085e-02 9.954354e-01 1.436445e-02 -7.905937e-01 -9.844074e-01 9.543784e-02 -1.477619e-01 1.965105e+01
-1.509438e-01 -2.287314e-03 9.885398e-01 4.536485e+01 9.478931e-02 9.953560e-01 1.677682e-02 -7.803665e-01 -9.839872e-01 9.623536e-02 -1.500260e-01 1.946362e+01
-1.531870e-01 -2.891473e-03 9.881931e-01 4.674317e+01 9.544714e-02 9.952770e-01 1.770816e-02 -7.605226e-01 -9.835769e-01 9.703286e-02 -1.521875e-01 1.926173e+01
-1.551906e-01 -2.951007e-03 9.878802e-01 4.815402e+01 9.654271e-02 9.951635e-01 1.813910e-02 -7.582257e-01 -9.831558e-01 9.818764e-02 -1.541551e-01 1.902935e+01
-1.562102e-01 -2.649392e-03 9.877204e-01 4.955548e+01 9.732390e-02 9.950889e-01 1.806115e-02 -7.152525e-01 -9.829172e-01 9.895013e-02 -1.551851e-01 1.882092e+01
-1.574066e-01 -1.933886e-03 9.875321e-01 5.098124e+01 9.832588e-02 9.949983e-01 1.762106e-02 -7.238263e-01 -9.826266e-01 9.987362e-02 -1.564291e-01 1.859596e+01
-1.568351e-01 -1.385407e-03 9.876239e-01 5.244366e+01 9.855916e-02 9.949852e-01 1.704697e-02 -6.870222e-01 -9.826946e-01 1.000129e-01 -1.559121e-01 1.835139e+01
-1.561343e-01 -4.418731e-04 9.877358e-01 5.392406e+01 9.823928e-02 9.950346e-01 1.597411e-02 -6.956467e-01 -9.828382e-01 9.952856e-02 -1.553156e-01 1.812323e+01
-1.551155e-01 -6.645305e-04 9.878962e-01 5.541432e+01 9.822563e-02 9.950341e-01 1.609232e-02 -6.813985e-01 -9.830009e-01 9.953289e-02 -1.542799e-01 1.790288e+01
-1.533450e-01 -1.222729e-03 9.881720e-01 5.692957e+01 9.837550e-02 9.950126e-01 1.649716e-02 -6.565011e-01 -9.832637e-01 9.974167e-02 -1.524600e-01 1.766041e+01
-1.527894e-01 -1.092814e-03 9.882582e-01 5.844822e+01 9.867210e-02 9.949856e-01 1.635542e-02 -6.572414e-01 -9.833204e-01 1.000124e-01 -1.519154e-01 1.745129e+01
-1.516838e-01 -4.546439e-04 9.884290e-01 6.001163e+01 9.844556e-02 9.950207e-01 1.556509e-02 -6.339062e-01 -9.835143e-01 9.966742e-02 -1.508838e-01 1.720354e+01
-1.508031e-01 3.242736e-06 9.885639e-01 6.158049e+01 9.934819e-02 9.949374e-01 1.515207e-02 -6.242583e-01 -9.835590e-01 1.004970e-01 -1.500400e-01 1.695365e+01
-1.496015e-01 -1.946602e-04 9.887464e-01 6.319347e+01 9.878330e-02 9.949938e-01 1.514222e-02 -6.085530e-01 -9.837993e-01 9.993693e-02 -1.488333e-01 1.671974e+01
-1.487967e-01 -1.899518e-03 9.888661e-01 6.481947e+01 1.000951e-01 9.948331e-01 1.697249e-02 -5.987538e-01 -9.837888e-01 1.015061e-01 -1.478377e-01 1.647945e+01
-1.482299e-01 -3.209081e-03 9.889478e-01 6.648761e+01 1.021658e-01 9.945946e-01 1.854068e-02 -5.758411e-01 -9.836615e-01 1.037849e-01 -1.471008e-01 1.624490e+01
-1.473682e-01 -2.763495e-03 9.890779e-01 6.809986e+01 1.044106e-01 9.943653e-01 1.833499e-02 -5.609578e-01 -9.835552e-01 1.059722e-01 -1.462493e-01 1.599274e+01
-1.466409e-01 -1.779320e-03 9.891883e-01 6.974687e+01 1.045628e-01 9.943680e-01 1.728941e-02 -5.711962e-01 -9.836478e-01 1.059676e-01 -1.456290e-01 1.575247e+01
-1.458472e-01 -1.619205e-03 9.893059e-01 7.142775e+01 1.046943e-01 9.943581e-01 1.706191e-02 -5.415690e-01 -9.837518e-01 1.060632e-01 -1.448548e-01 1.550860e+01
-1.459165e-01 -2.295416e-03 9.892943e-01 7.313695e+01 1.049578e-01 9.943176e-01 1.778787e-02 -5.425383e-01 -9.837134e-01 1.064297e-01 -1.448464e-01 1.524397e+01
-1.456798e-01 -2.741968e-03 9.893281e-01 7.486056e+01 1.050481e-01 9.943001e-01 1.822422e-02 -5.095439e-01 -9.837389e-01 1.065820e-01 -1.445614e-01 1.500592e+01
-1.457440e-01 -3.266934e-03 9.893170e-01 7.658628e+01 1.060519e-01 9.941808e-01 1.890633e-02 -5.067933e-01 -9.836216e-01 1.076744e-01 -1.445494e-01 1.475061e+01
-1.454251e-01 -3.294444e-03 9.893639e-01 7.832051e+01 1.071078e-01 9.940648e-01 1.905372e-02 -4.859135e-01 -9.835544e-01 1.087395e-01 -1.442091e-01 1.451292e+01
-1.452779e-01 -2.672760e-03 9.893873e-01 8.006272e+01 1.071217e-01 9.940754e-01 1.841477e-02 -4.726508e-01 -9.835747e-01 1.086601e-01 -1.441309e-01 1.424872e+01
-1.461697e-01 -1.872894e-03 9.892578e-01 8.185679e+01 1.067279e-01 9.941316e-01 1.765191e-02 -4.511185e-01 -9.834854e-01 1.081616e-01 -1.451120e-01 1.399867e+01
-1.471652e-01 -1.459015e-03 9.891109e-01 8.365173e+01 1.062032e-01 9.941945e-01 1.726800e-02 -4.347211e-01 -9.833937e-01 1.075880e-01 -1.461559e-01 1.374329e+01
-1.482557e-01 -1.299502e-03 9.889483e-01 8.543978e+01 1.050974e-01 9.943156e-01 1.706197e-02 -4.349177e-01 -9.833487e-01 1.064654e-01 -1.472763e-01 1.346757e+01
-1.492696e-01 -1.752697e-03 9.887950e-01 8.724868e+01 1.043159e-01 9.943901e-01 1.751027e-02 -4.120938e-01 -9.832785e-01 1.057608e-01 -1.482494e-01 1.322698e+01
-1.498371e-01 -2.529862e-03 9.887075e-01 8.908355e+01 1.043035e-01 9.943762e-01 1.835140e-02 -4.054502e-01 -9.831935e-01 1.058754e-01 -1.487306e-01 1.293689e+01
-1.504977e-01 -3.462561e-03 9.886044e-01 9.090228e+01 1.021184e-01 9.945902e-01 1.902927e-02 -3.818975e-01 -9.833220e-01 1.038186e-01 -1.493300e-01 1.269767e+01
-1.521268e-01 -2.655213e-03 9.883575e-01 9.279039e+01 1.023196e-01 9.945810e-01 1.842085e-02 -3.696826e-01 -9.830504e-01 1.039307e-01 -1.510308e-01 1.240167e+01
-1.545265e-01 -2.059051e-03 9.879866e-01 9.465708e+01 1.017879e-01 9.946434e-01 1.799312e-02 -3.436176e-01 -9.827312e-01 1.033455e-01 -1.534892e-01 1.212971e+01
-1.593043e-01 -1.655758e-03 9.872282e-01 9.653793e+01 1.016220e-01 9.946590e-01 1.806648e-02 -3.370688e-01 -9.819852e-01 1.032021e-01 -1.582852e-01 1.183539e+01
-1.639929e-01 -2.040952e-03 9.864595e-01 9.842267e+01 1.004863e-01 9.947615e-01 1.876336e-02 -3.200284e-01 -9.813301e-01 1.022027e-01 -1.629287e-01 1.154082e+01
-1.684487e-01 -2.781232e-03 9.857066e-01 1.003190e+02 9.849833e-02 9.949434e-01 1.963980e-02 -2.892065e-01 -9.807767e-01 1.003987e-01 -1.673230e-01 1.122623e+01
-1.734110e-01 -2.248392e-03 9.848471e-01 1.022671e+02 9.732501e-02 9.950634e-01 1.940862e-02 -2.785430e-01 -9.800288e-01 9.921591e-02 -1.723361e-01 1.089581e+01
-1.776274e-01 -9.555876e-04 9.840974e-01 1.041546e+02 9.736378e-02 9.950762e-01 1.854020e-02 -2.653334e-01 -9.792695e-01 9.910869e-02 -1.766598e-01 1.057045e+01
-1.826016e-01 5.749062e-04 9.831869e-01 1.060997e+02 9.723280e-02 9.951082e-01 1.747661e-02 -2.648358e-01 -9.783672e-01 9.878927e-02 -1.817643e-01 1.022315e+01
-1.876596e-01 1.044245e-03 9.822336e-01 1.080661e+02 9.591927e-02 9.952393e-01 1.726769e-02 -2.458962e-01 -9.775394e-01 9.745558e-02 -1.868664e-01 9.864892e+00
-1.925832e-01 5.152904e-04 9.812806e-01 1.099784e+02 9.473420e-02 9.953386e-01 1.806958e-02 -2.354803e-01 -9.766970e-01 9.644072e-02 -1.917343e-01 9.496110e+00
-1.986664e-01 -3.171167e-04 9.800672e-01 1.119353e+02 9.262726e-02 9.955177e-01 1.909830e-02 -2.127084e-01 -9.756801e-01 9.457513e-02 -1.977465e-01 9.129620e+00
-2.038102e-01 -7.123106e-04 9.790102e-01 1.139042e+02 9.231330e-02 9.955303e-01 1.994210e-02 -2.041994e-01 -9.746484e-01 9.444007e-02 -2.028335e-01 8.719512e+00
-2.092190e-01 -1.196664e-03 9.778682e-01 1.158788e+02 9.201069e-02 9.955386e-01 2.090436e-02 -1.790020e-01 -9.735303e-01 9.434791e-02 -2.081754e-01 8.316175e+00
-2.150239e-01 5.104159e-05 9.766089e-01 1.178615e+02 9.220946e-02 9.955337e-01 2.025010e-02 -1.679310e-01 -9.722459e-01 9.440683e-02 -2.140682e-01 7.883537e+00
-2.204777e-01 8.413217e-04 9.753917e-01 1.198343e+02 9.192886e-02 9.955663e-01 1.992090e-02 -1.451081e-01 -9.710502e-01 9.405876e-02 -2.195776e-01 7.458465e+00
-2.265580e-01 5.826223e-04 9.739976e-01 1.218126e+02 9.214277e-02 9.955278e-01 2.083749e-02 -1.433508e-01 -9.696293e-01 9.446773e-02 -2.255984e-01 7.012830e+00
-2.329610e-01 5.068688e-04 9.724860e-01 1.238190e+02 9.183654e-02 9.955424e-01 2.148074e-02 -1.156681e-01 -9.681400e-01 9.431392e-02 -2.319691e-01 6.554137e+00
-2.375335e-01 1.206120e-03 9.713787e-01 1.258388e+02 9.152216e-02 9.955785e-01 2.114396e-02 -9.791483e-02 -9.670581e-01 9.392507e-02 -2.365936e-01 6.060989e+00
-2.433930e-01 1.232433e-03 9.699270e-01 1.278479e+02 9.029064e-02 9.956857e-01 2.139233e-02 -7.638607e-02 -9.657160e-01 9.278207e-02 -2.424542e-01 5.581672e+00
-2.470971e-01 6.589716e-04 9.689906e-01 1.298659e+02 9.093428e-02 9.956024e-01 2.251160e-02 -6.087475e-02 -9.647144e-01 9.367701e-02 -2.460704e-01 5.078328e+00
-2.512411e-01 2.758848e-04 9.679246e-01 1.318816e+02 9.300836e-02 9.953794e-01 2.385817e-02 -2.733885e-02 -9.634455e-01 9.601923e-02 -2.501059e-01 4.551788e+00
-2.548740e-01 5.809732e-04 9.669742e-01 1.339001e+02 9.378573e-02 9.953001e-01 2.412195e-02 -1.009615e-02 -9.624154e-01 9.683643e-02 -2.537306e-01 4.034116e+00
-2.582140e-01 7.080946e-04 9.660876e-01 1.359148e+02 9.391822e-02 9.952815e-01 2.437279e-02 1.276074e-02 -9.615117e-01 9.702662e-02 -2.570621e-01 3.513528e+00
-2.613822e-01 4.437221e-04 9.652353e-01 1.379568e+02 9.298770e-02 9.953603e-01 2.472316e-02 4.802648e-02 -9.607458e-01 9.621721e-02 -2.602107e-01 2.968811e+00
-2.653852e-01 8.337272e-04 9.641422e-01 1.400437e+02 9.223768e-02 9.954349e-01 2.452813e-02 6.908209e-02 -9.597201e-01 9.543964e-02 -2.642506e-01 2.409150e+00
-2.697303e-01 9.293305e-04 9.629355e-01 1.420584e+02 9.053965e-02 9.955939e-01 2.440044e-02 8.843195e-02 -9.586699e-01 9.376538e-02 -2.686260e-01 1.864607e+00
-2.746216e-01 8.539575e-04 9.615521e-01 1.441807e+02 9.017061e-02 9.956158e-01 2.486874e-02 1.239606e-01 -9.573151e-01 9.353323e-02 -2.734946e-01 1.289080e+00
-2.790851e-01 1.077571e-03 9.602658e-01 1.462452e+02 9.054068e-02 9.955740e-01 2.519694e-02 1.482747e-01 -9.559884e-01 9.397521e-02 -2.779474e-01 7.016796e-01
-2.837453e-01 1.636425e-03 9.588983e-01 1.483253e+02 9.002262e-02 9.956274e-01 2.493928e-02 1.767204e-01 -9.546645e-01 9.339894e-02 -2.826519e-01 1.233985e-01
-2.882073e-01 1.460264e-03 9.575670e-01 1.504405e+02 8.953653e-02 9.956588e-01 2.543024e-02 1.978255e-01 -9.533728e-01 9.306640e-02 -2.870869e-01 -4.933389e-01
-2.921767e-01 9.238163e-04 9.563640e-01 1.524960e+02 8.953838e-02 9.956336e-01 2.639293e-02 2.328595e-01 -9.521636e-01 9.334268e-02 -2.909837e-01 -1.111662e+00
-2.962453e-01 7.054428e-04 9.551117e-01 1.545818e+02 8.931168e-02 9.956386e-01 2.696627e-02 2.608283e-01 -9.509269e-01 9.329126e-02 -2.950162e-01 -1.745935e+00
-3.007435e-01 1.145612e-03 9.537044e-01 1.567258e+02 9.035392e-02 9.955356e-01 2.729657e-02 2.910275e-01 -9.494153e-01 9.438020e-02 -2.995044e-01 -2.400881e+00
-3.040399e-01 1.917205e-03 9.526574e-01 1.588086e+02 9.048286e-02 9.955354e-01 2.687405e-02 3.292743e-01 -9.483525e-01 9.436995e-02 -3.028560e-01 -3.050161e+00
-3.073295e-01 3.365103e-03 9.515973e-01 1.609337e+02 9.064661e-02 9.955500e-01 2.575486e-02 3.553277e-01 -9.472759e-01 9.417429e-02 -3.062669e-01 -3.727295e+00
-3.109968e-01 4.400094e-03 9.504008e-01 1.630684e+02 9.120680e-02 9.955122e-01 2.523638e-02 3.865928e-01 -9.460244e-01 9.453145e-02 -3.100024e-01 -4.402162e+00
-3.142304e-01 4.913990e-03 9.493341e-01 1.651625e+02 9.077276e-02 9.955605e-01 2.489260e-02 4.087410e-01 -9.449971e-01 9.399569e-02 -3.132814e-01 -5.084465e+00
-3.177510e-01 4.705680e-03 9.481626e-01 1.673216e+02 9.031827e-02 9.955909e-01 2.532666e-02 4.386054e-01 -9.438627e-01 9.368398e-02 -3.167750e-01 -5.782213e+00
-3.214271e-01 4.820600e-03 9.469221e-01 1.694292e+02 9.074198e-02 9.955419e-01 2.573371e-02 4.668740e-01 -9.425765e-01 9.419709e-02 -3.204315e-01 -6.485046e+00
-3.254876e-01 4.891403e-03 9.455337e-01 1.715697e+02 9.133651e-02 9.954729e-01 2.629166e-02 5.058480e-01 -9.411245e-01 9.491936e-02 -3.244609e-01 -7.216457e+00
-3.291626e-01 5.218481e-03 9.442589e-01 1.737194e+02 9.353461e-02 9.952470e-01 2.710530e-02 5.358790e-01 -9.396293e-01 9.724294e-02 -3.280862e-01 -7.959225e+00
-3.317876e-01 4.952774e-03 9.433412e-01 1.758429e+02 9.497775e-02 9.950804e-01 2.818072e-02 5.706680e-01 -9.385607e-01 9.894643e-02 -3.306257e-01 -8.679013e+00
-3.342603e-01 4.551174e-03 9.424699e-01 1.779989e+02 9.493546e-02 9.950649e-01 2.886506e-02 6.054799e-01 -9.376872e-01 9.912225e-02 -3.330427e-01 -9.446937e+00
-3.373970e-01 4.738134e-03 9.413506e-01 1.801930e+02 9.384079e-02 9.951756e-01 2.862518e-02 6.455867e-01 -9.366734e-01 9.799513e-02 -3.362139e-01 -1.021187e+01
-3.398823e-01 6.252872e-03 9.404472e-01 1.823593e+02 9.288151e-02 9.953124e-01 2.695018e-02 6.810805e-01 -9.358701e-01 9.651005e-02 -3.388699e-01 -1.096558e+01
-3.434871e-01 7.153469e-03 9.391302e-01 1.845143e+02 9.174133e-02 9.954441e-01 2.597200e-02 7.037004e-01 -9.346657e-01 9.507810e-02 -3.425785e-01 -1.174994e+01
-3.464719e-01 8.253271e-03 9.380241e-01 1.867160e+02 9.113731e-02 9.955269e-01 2.490359e-02 7.474754e-01 -9.336226e-01 9.411738e-02 -3.456743e-01 -1.252719e+01
-3.494060e-01 8.905302e-03 9.369292e-01 1.888920e+02 8.950810e-02 9.956989e-01 2.391608e-02 7.713059e-01 -9.326863e-01 9.221917e-02 -3.487002e-01 -1.332268e+01
-3.537958e-01 9.246156e-03 9.352771e-01 1.910767e+02 9.035323e-02 9.956124e-01 2.433611e-02 7.930030e-01 -9.309483e-01 9.311531e-02 -3.530789e-01 -1.413437e+01
-3.572421e-01 8.148477e-03 9.339763e-01 1.932555e+02 8.944755e-02 9.956644e-01 2.552665e-02 8.359552e-01 -9.297188e-01 9.266108e-02 -3.564221e-01 -1.495225e+01
-3.608768e-01 7.626794e-03 9.325824e-01 1.954527e+02 8.964400e-02 9.956200e-01 2.654678e-02 8.630598e-01 -9.282951e-01 9.318052e-02 -3.599799e-01 -1.580200e+01
-3.651595e-01 7.303250e-03 9.309164e-01 1.976758e+02 8.968843e-02 9.955937e-01 2.737036e-02 8.968658e-01 -9.266145e-01 9.348697e-02 -3.642055e-01 -1.665390e+01
-3.685004e-01 7.441860e-03 9.295979e-01 1.998606e+02 8.910130e-02 9.956470e-01 2.734989e-02 9.385789e-01 -9.253477e-01 9.290682e-02 -3.675594e-01 -1.750626e+01
-3.721531e-01 7.850571e-03 9.281382e-01 2.020550e+02 8.801223e-02 9.957570e-01 2.686751e-02 9.702790e-01 -9.239891e-01 9.168634e-02 -3.712650e-01 -1.836418e+01
-3.760657e-01 7.743430e-03 9.265607e-01 2.042429e+02 8.757183e-02 9.957862e-01 2.722106e-02 1.000688e+00 -9.224455e-01 9.137752e-02 -3.751592e-01 -1.923523e+01
-3.782906e-01 8.245947e-03 9.256502e-01 2.064476e+02 8.861321e-02 9.956907e-01 2.734417e-02 1.025819e+00 -9.214357e-01 9.236888e-02 -3.773911e-01 -2.014641e+01
-3.812473e-01 8.205922e-03 9.244367e-01 2.086703e+02 8.944914e-02 9.955963e-01 2.805218e-02 1.063871e+00 -9.201354e-01 9.338489e-02 -3.803024e-01 -2.103819e+01
-3.838788e-01 7.847779e-03 9.233502e-01 2.108577e+02 9.087589e-02 9.954305e-01 2.932085e-02 1.100138e+00 -9.189007e-01 9.516592e-02 -3.828379e-01 -2.194785e+01
-3.862928e-01 7.977601e-03 9.223418e-01 2.130680e+02 9.192385e-02 9.953173e-01 2.989053e-02 1.138072e+00 -9.177842e-01 9.633169e-02 -3.852173e-01 -2.285252e+01
-3.890047e-01 8.494730e-03 9.211966e-01 2.152965e+02 9.169731e-02 9.953486e-01 2.954361e-02 1.169781e+00 -9.166607e-01 9.596386e-02 -3.879743e-01 -2.378059e+01
-3.917502e-01 8.899154e-03 9.200286e-01 2.174836e+02 9.162026e-02 9.953604e-01 2.938430e-02 1.215824e+00 -9.154984e-01 9.580456e-02 -3.907480e-01 -2.469683e+01
-3.943037e-01 9.636956e-03 9.189297e-01 2.196992e+02 9.096798e-02 9.954432e-01 2.859410e-02 1.245955e+00 -9.144667e-01 9.486794e-02 -3.933836e-01 -2.563567e+01
-3.978145e-01 1.039637e-02 9.174070e-01 2.219125e+02 9.053015e-02 9.955007e-01 2.797516e-02 1.275265e+00 -9.129884e-01 9.418192e-02 -3.969658e-01 -2.658274e+01
-3.998040e-01 1.071595e-02 9.165381e-01 2.241104e+02 8.890463e-02 9.956703e-01 2.714004e-02 1.311980e+00 -9.122788e-01 9.233517e-02 -3.990257e-01 -2.751749e+01
-4.025029e-01 1.109376e-02 9.153515e-01 2.263252e+02 8.884480e-02 9.956795e-01 2.699997e-02 1.337635e+00 -9.110971e-01 9.219179e-02 -4.017495e-01 -2.846758e+01
-4.054740e-01 1.089870e-02 9.140417e-01 2.285571e+02 9.078501e-02 9.954654e-01 2.840318e-02 1.359303e+00 -9.095872e-01 9.449803e-02 -4.046248e-01 -2.945262e+01
-4.078215e-01 9.686916e-03 9.130104e-01 2.307262e+02 9.085133e-02 9.954119e-01 3.002009e-02 1.401257e+00 -9.085304e-01 9.519104e-02 -4.068304e-01 -3.041702e+01
-4.111774e-01 9.234902e-03 9.115086e-01 2.329552e+02 8.997587e-02 9.954768e-01 3.050208e-02 1.440214e+00 -9.071039e-01 9.455554e-02 -4.101484e-01 -3.139820e+01
-4.137019e-01 8.958262e-03 9.103684e-01 2.351544e+02 8.871238e-02 9.955897e-01 3.051703e-02 1.467974e+00 -9.060799e-01 9.338589e-02 -4.126721e-01 -3.238194e+01
-4.169439e-01 8.456615e-03 9.088929e-01 2.373425e+02 8.746623e-02 9.956894e-01 3.085991e-02 1.516754e+00 -9.047139e-01 9.236429e-02 -4.158863e-01 -3.337060e+01
-4.208083e-01 7.572126e-03 9.071180e-01 2.395662e+02 8.621557e-02 9.957726e-01 3.168288e-02 1.554730e+00 -9.030433e-01 9.154012e-02 -4.196822e-01 -3.435506e+01
-4.239052e-01 7.327132e-03 9.056770e-01 2.417460e+02 8.556015e-02 9.958193e-01 3.199032e-02 1.591451e+00 -9.016561e-01 9.105072e-02 -4.227599e-01 -3.536876e+01
-4.276214e-01 6.976883e-03 9.039311e-01 2.439027e+02 8.475191e-02 9.958749e-01 3.240693e-02 1.640549e+00 -8.999761e-01 9.046778e-02 -4.264487e-01 -3.637570e+01
-4.318238e-01 6.193427e-03 9.019368e-01 2.461133e+02 8.374531e-02 9.959321e-01 3.325620e-02 1.669508e+00 -8.980617e-01 8.989380e-02 -4.305859e-01 -3.740352e+01
-4.353944e-01 5.958916e-03 9.002201e-01 2.482720e+02 8.296946e-02 9.959877e-01 3.353561e-02 1.720583e+00 -8.964082e-01 8.929199e-02 -4.341419e-01 -3.842998e+01
-4.392210e-01 6.293669e-03 8.983571e-01 2.504278e+02 8.267591e-02 9.960152e-01 3.344373e-02 1.765412e+00 -8.945666e-01 8.896167e-02 -4.379911e-01 -3.947640e+01
-4.433716e-01 6.413762e-03 8.963150e-01 2.526269e+02 8.276299e-02 9.959955e-01 3.381254e-02 1.802967e+00 -8.925087e-01 8.917322e-02 -4.421269e-01 -4.051494e+01
-4.465410e-01 6.231251e-03 8.947416e-01 2.547858e+02 8.234512e-02 9.960183e-01 3.415962e-02 1.852735e+00 -8.909660e-01 8.893127e-02 -4.452761e-01 -4.158843e+01
-4.506645e-01 6.046300e-03 8.926730e-01 2.569650e+02 8.128934e-02 9.961004e-01 3.429195e-02 1.893308e+00 -8.889845e-01 8.801896e-02 -4.493986e-01 -4.265540e+01
-4.536066e-01 6.233732e-03 8.911803e-01 2.591134e+02 8.127498e-02 9.960979e-01 3.440097e-02 1.953937e+00 -8.874882e-01 8.803516e-02 -4.523432e-01 -4.375280e+01
-4.572599e-01 6.730266e-03 8.893077e-01 2.612441e+02 8.156348e-02 9.960743e-01 3.439964e-02 2.009844e+00 -8.855849e-01 8.826460e-02 -4.560138e-01 -4.483655e+01
-4.612410e-01 7.521940e-03 8.872431e-01 2.634249e+02 8.252863e-02 9.959928e-01 3.445932e-02 2.045651e+00 -8.834283e-01 8.911700e-02 -4.600135e-01 -4.594158e+01
-4.639665e-01 9.223184e-03 8.858048e-01 2.655730e+02 8.467859e-02 9.958286e-01 3.398415e-02 2.092483e+00 -8.817962e-01 9.077621e-02 -4.628122e-01 -4.706101e+01
-4.670116e-01 9.908799e-03 8.841957e-01 2.677253e+02 8.566404e-02 9.957408e-01 3.408692e-02 2.151608e+00 -8.800919e-01 9.166277e-02 -4.658713e-01 -4.817343e+01
-4.700150e-01 1.151940e-02 8.825833e-01 2.698921e+02 8.731440e-02 9.956172e-01 3.350411e-02 2.199662e+00 -8.783291e-01 9.280966e-02 -4.689609e-01 -4.928842e+01
-4.724394e-01 1.354282e-02 8.812592e-01 2.720451e+02 8.888517e-02 9.955163e-01 3.235230e-02 2.250789e+00 -8.768696e-01 9.361537e-02 -4.715248e-01 -5.045556e+01
-4.756407e-01 1.433177e-02 8.795229e-01 2.742107e+02 9.007263e-02 9.954051e-01 3.249068e-02 2.301567e+00 -8.750158e-01 9.467483e-02 -4.747461e-01 -5.160925e+01
-4.785170e-01 1.492058e-02 8.779516e-01 2.763830e+02 9.007560e-02 9.954150e-01 3.217779e-02 2.349154e+00 -8.734459e-01 9.447963e-02 -4.776669e-01 -5.277516e+01
-4.819070e-01 1.524347e-02 8.760898e-01 2.785617e+02 8.949506e-02 9.954760e-01 3.190745e-02 2.413221e+00 -8.716399e-01 9.378213e-02 -4.810911e-01 -5.394697e+01
-4.856900e-01 1.598898e-02 8.739850e-01 2.807300e+02 8.984654e-02 9.954504e-01 3.171832e-02 2.464203e+00 -8.695014e-01 9.392980e-02 -4.849168e-01 -5.513288e+01
-4.884413e-01 1.621478e-02 8.724461e-01 2.829367e+02 8.937788e-02 9.954984e-01 3.153670e-02 2.514444e+00 -8.680072e-01 9.338121e-02 -4.876918e-01 -5.633270e+01
-4.913508e-01 1.605076e-02 8.708139e-01 2.851319e+02 8.784447e-02 9.956450e-01 3.121400e-02 2.580859e+00 -8.665204e-01 9.183321e-02 -4.906209e-01 -5.753770e+01
-4.944622e-01 1.615853e-02 8.690490e-01 2.873311e+02 8.880606e-02 9.955342e-01 3.201763e-02 2.630537e+00 -8.646505e-01 9.300832e-02 -4.936890e-01 -5.879249e+01
-4.963885e-01 1.608952e-02 8.679515e-01 2.895356e+02 9.002857e-02 9.953911e-01 3.303616e-02 2.685302e+00 -8.634195e-01 9.453919e-02 -4.955492e-01 -6.003748e+01
-4.982026e-01 1.595244e-02 8.669139e-01 2.917534e+02 9.086685e-02 9.952857e-01 3.390518e-02 2.737029e+00 -8.622861e-01 9.566538e-02 -4.973035e-01 -6.128376e+01
-5.009766e-01 1.552489e-02 8.653216e-01 2.939908e+02 9.065353e-02 9.952803e-01 3.462723e-02 2.801802e+00 -8.606999e-01 9.579189e-02 -5.000195e-01 -6.254863e+01
-5.028840e-01 1.476024e-02 8.642279e-01 2.961842e+02 9.019864e-02 9.952914e-01 3.548684e-02 2.879253e+00 -8.596347e-01 9.579794e-02 -5.018474e-01 -6.381512e+01
-5.059564e-01 1.436204e-02 8.624396e-01 2.984235e+02 9.091380e-02 9.951800e-01 3.676270e-02 2.944007e+00 -8.577545e-01 9.700798e-02 -5.048234e-01 -6.512784e+01
-5.077873e-01 1.412005e-02 8.613668e-01 3.006680e+02 9.158066e-02 9.950847e-01 3.767600e-02 3.009076e+00 -8.566008e-01 9.801593e-02 -5.065845e-01 -6.642675e+01
-5.097701e-01 1.475895e-02 8.601841e-01 3.029165e+02 9.113209e-02 9.951537e-01 3.693279e-02 3.084999e+00 -8.554702e-01 9.721761e-02 -5.086446e-01 -6.773293e+01
-5.126491e-01 1.606048e-02 8.584480e-01 3.051458e+02 8.998056e-02 9.953243e-01 3.511345e-02 3.137360e+00 -8.538702e-01 9.524451e-02 -5.116973e-01 -6.905185e+01
-5.154512e-01 1.565518e-02 8.567760e-01 3.074000e+02 8.853421e-02 9.954554e-01 3.507455e-02 3.204933e+00 -8.523331e-01 9.393320e-02 -5.144947e-01 -7.037714e+01
-5.196582e-01 1.361726e-02 8.542658e-01 3.096615e+02 8.649600e-02 9.955743e-01 3.674660e-02 3.277917e+00 -8.499845e-01 9.298625e-02 -5.185361e-01 -7.171799e+01
-5.253685e-01 1.154058e-02 8.507966e-01 3.119409e+02 8.405409e-02 9.957211e-01 3.839717e-02 3.346905e+00 -8.467129e-01 9.168560e-02 -5.240905e-01 -7.308386e+01
-5.295219e-01 1.000663e-02 8.482373e-01 3.141843e+02 8.269859e-02 9.957764e-01 3.987840e-02 3.431575e+00 -8.442555e-01 9.126451e-02 -5.281129e-01 -7.447097e+01
-5.339324e-01 9.497010e-03 8.454739e-01 3.164461e+02 8.244614e-02 9.957567e-01 4.088116e-02 3.507639e+00 -8.414979e-01 9.153384e-02 -5.324497e-01 -7.585577e+01
-5.388334e-01 1.054319e-02 8.423464e-01 3.187139e+02 8.430262e-02 9.955770e-01 4.146575e-02 3.588068e+00 -8.381834e-01 9.335514e-02 -5.373390e-01 -7.728368e+01
-5.423306e-01 1.124995e-02 8.400899e-01 3.209708e+02 8.513449e-02 9.954995e-01 4.162856e-02 3.668597e+00 -8.358406e-01 9.409707e-02 -5.408476e-01 -7.870705e+01
-5.466429e-01 1.081093e-02 8.372961e-01 3.232513e+02 8.524173e-02 9.954407e-01 4.279867e-02 3.749032e+00 -8.330158e-01 9.476815e-02 -5.450722e-01 -8.015868e+01
-5.501258e-01 9.686531e-03 8.350257e-01 3.255103e+02 8.574960e-02 9.953023e-01 4.494718e-02 3.838610e+00 -8.306675e-01 9.632972e-02 -5.483721e-01 -8.161555e+01
-5.540559e-01 8.068622e-03 8.324405e-01 3.277463e+02 8.426554e-02 9.953607e-01 4.643772e-02 3.922166e+00 -8.282037e-01 9.587513e-02 -5.521653e-01 -8.307658e+01
-5.582276e-01 7.524068e-03 8.296538e-01 3.300131e+02 8.361726e-02 9.953779e-01 4.723437e-02 4.006872e+00 -8.254635e-01 9.574090e-02 -5.562765e-01 -8.457586e+01
-5.618110e-01 6.693319e-03 8.272386e-01 3.322426e+02 8.271725e-02 9.954105e-01 4.812259e-02 4.099343e+00 -8.231198e-01 9.546270e-02 -5.597862e-01 -8.605304e+01
-5.659537e-01 6.735324e-03 8.244096e-01 3.344964e+02 8.394683e-02 9.952401e-01 4.949816e-02 4.191291e+00 -8.201520e-01 9.722023e-02 -5.638252e-01 -8.756692e+01
-5.703039e-01 5.730730e-03 8.214139e-01 3.367119e+02 8.377056e-02 9.951679e-01 5.121857e-02 4.281786e+00 -8.171511e-01 9.802044e-02 -5.680282e-01 -8.906466e+01
-5.738494e-01 4.368573e-03 8.189493e-01 3.389197e+02 8.192812e-02 9.952756e-01 5.209904e-02 4.384712e+00 -8.148525e-01 9.699197e-02 -5.714962e-01 -9.058280e+01
-5.770086e-01 3.919886e-03 8.167287e-01 3.411727e+02 8.228150e-02 9.951799e-01 5.335450e-02 4.493910e+00 -8.125827e-01 9.798767e-02 -5.745499e-01 -9.213745e+01
-5.802235e-01 3.087757e-03 8.144515e-01 3.434171e+02 8.250170e-02 9.950720e-01 5.500252e-02 4.607816e+00 -8.102679e-01 9.910739e-02 -5.776188e-01 -9.370326e+01
-5.829017e-01 1.588003e-03 8.125412e-01 3.455967e+02 7.980468e-02 9.952751e-01 5.530525e-02 4.702843e+00 -8.086141e-01 9.708211e-02 -5.802743e-01 -9.523223e+01
-5.859336e-01 4.147903e-04 8.103590e-01 3.478555e+02 7.575077e-02 9.956492e-01 5.426229e-02 4.816939e+00 -8.068107e-01 9.317942e-02 -5.834157e-01 -9.682776e+01
-5.889087e-01 -8.211239e-04 8.081992e-01 3.500381e+02 7.203539e-02 9.959661e-01 5.350176e-02 4.932908e+00 -8.049829e-01 8.972660e-02 -5.864739e-01 -9.839798e+01
-5.918164e-01 -3.234275e-03 8.060664e-01 3.522431e+02 6.940980e-02 9.960733e-01 5.495756e-02 5.032279e+00 -8.030788e-01 8.847369e-02 -5.892680e-01 -9.996955e+01
-5.949984e-01 -3.893150e-03 8.037175e-01 3.544746e+02 7.058814e-02 9.958710e-01 5.708090e-02 5.154161e+00 -8.006211e-01 9.069596e-02 -5.922669e-01 -1.016109e+02
-5.979959e-01 -3.788603e-03 8.014902e-01 3.566229e+02 7.014179e-02 9.959049e-01 5.704074e-02 5.268755e+00 -7.984240e-01 9.032809e-02 -5.952813e-01 -1.031842e+02
-6.006797e-01 -5.505646e-03 7.994708e-01 3.588198e+02 6.732546e-02 9.960760e-01 5.744436e-02 5.379371e+00 -7.966499e-01 8.833040e-02 -5.979520e-01 -1.047965e+02
-6.046192e-01 -8.337144e-03 7.964711e-01 3.610353e+02 6.604624e-02 9.959769e-01 6.056270e-02 5.514731e+00 -7.937716e-01 8.922129e-02 -6.016362e-01 -1.063978e+02
-6.075823e-01 -1.059432e-02 7.941861e-01 3.632356e+02 6.409038e-02 9.959964e-01 6.231800e-02 5.639561e+00 -7.916667e-01 8.876300e-02 -6.044708e-01 -1.080641e+02
-6.104242e-01 -1.204631e-02 7.919831e-01 3.653660e+02 6.191818e-02 9.960988e-01 6.287467e-02 5.771982e+00 -7.896508e-01 8.741837e-02 -6.072970e-01 -1.096764e+02
-6.133093e-01 -1.237033e-02 7.897460e-01 3.675379e+02 6.129413e-02 9.961166e-01 6.320330e-02 5.903049e+00 -7.874609e-01 8.716997e-02 -6.101694e-01 -1.113235e+02
-6.158271e-01 -1.294066e-02 7.877751e-01 3.696998e+02 6.098061e-02 9.960829e-01 6.403285e-02 6.024864e+00 -7.855178e-01 8.747217e-02 -6.126257e-01 -1.129736e+02
-6.186675e-01 -1.400946e-02 7.855281e-01 3.718439e+02 6.018881e-02 9.960575e-01 6.516773e-02 6.159233e+00 -7.833440e-01 8.759715e-02 -6.153851e-01 -1.146187e+02
-6.210573e-01 -1.599125e-02 7.836021e-01 3.740058e+02 5.664330e-02 9.962617e-01 6.522469e-02 6.280744e+00 -7.817156e-01 8.489407e-02 -6.178297e-01 -1.162952e+02
-6.234353e-01 -2.005434e-02 7.816177e-01 3.761305e+02 4.654610e-02 9.969461e-01 6.270531e-02 6.401693e+00 -7.804882e-01 7.547397e-02 -6.205980e-01 -1.179531e+02
-6.268087e-01 -1.565169e-02 7.790161e-01 3.782558e+02 4.185106e-02 9.976787e-01 5.371900e-02 6.555237e+00 -7.780484e-01 6.627418e-02 -6.246986e-01 -1.195893e+02
-6.289544e-01 -7.848069e-03 7.774026e-01 3.803687e+02 4.893029e-02 9.975670e-01 4.965755e-02 6.629543e+00 -7.759008e-01 6.927087e-02 -6.270402e-01 -1.212945e+02
-6.305123e-01 -7.116850e-03 7.761467e-01 3.824906e+02 5.536500e-02 9.969985e-01 5.411838e-02 6.717417e+00 -7.742021e-01 7.709366e-02 -6.282258e-01 -1.229978e+02
-6.328880e-01 -1.562198e-02 7.740858e-01 3.846103e+02 5.464619e-02 9.964017e-01 6.478700e-02 6.840472e+00 -7.723124e-01 8.330376e-02 -6.297570e-01 -1.247004e+02
-6.350313e-01 -2.578402e-02 7.720561e-01 3.867307e+02 4.948421e-02 9.960323e-01 7.396581e-02 6.999096e+00 -7.708998e-01 8.517518e-02 -6.312358e-01 -1.263918e+02
-6.385245e-01 -3.183967e-02 7.689426e-01 3.888398e+02 4.361044e-02 9.960414e-01 7.745697e-02 7.169026e+00 -7.683648e-01 8.299210e-02 -6.346083e-01 -1.280998e+02
-6.410209e-01 -3.256679e-02 7.668323e-01 3.909520e+02 4.254149e-02 9.960560e-01 7.786361e-02 7.345604e+00 -7.663435e-01 8.253438e-02 -6.371072e-01 -1.298173e+02
-6.434069e-01 -2.812936e-02 7.650074e-01 3.930478e+02 4.699134e-02 9.959889e-01 7.614447e-02 7.492594e+00 -7.640807e-01 8.494060e-02 -6.395043e-01 -1.315386e+02
-6.462362e-01 -2.248899e-02 7.628061e-01 3.950883e+02 5.102662e-02 9.960554e-01 7.259450e-02 7.629244e+00 -7.614296e-01 8.583661e-02 -6.425395e-01 -1.332460e+02
-6.481896e-01 -1.920176e-02 7.612369e-01 3.971493e+02 5.223593e-02 9.962059e-01 6.960738e-02 7.782239e+00 -7.596852e-01 8.488269e-02 -6.447273e-01 -1.349760e+02
-6.511419e-01 -1.911263e-02 7.587154e-01 3.992318e+02 5.249074e-02 9.961550e-01 7.014233e-02 7.931762e+00 -7.571386e-01 8.549813e-02 -6.476350e-01 -1.367213e+02
-6.543665e-01 -1.980207e-02 7.559182e-01 4.012728e+02 5.282715e-02 9.960175e-01 7.182196e-02 8.080007e+00 -7.543299e-01 8.693089e-02 -6.507144e-01 -1.384643e+02
-6.562166e-01 -2.070920e-02 7.542884e-01 4.033298e+02 5.298893e-02 9.958908e-01 7.344182e-02 8.239736e+00 -7.527097e-01 8.816267e-02 -6.524227e-01 -1.402292e+02
-6.581085e-01 -2.093425e-02 7.526320e-01 4.053784e+02 5.334131e-02 9.958053e-01 7.434019e-02 8.389968e+00 -7.510311e-01 8.907029e-02 -6.542313e-01 -1.419801e+02
-6.602498e-01 -2.060534e-02 7.507634e-01 4.074109e+02 5.341205e-02 9.958043e-01 7.430329e-02 8.549895e+00 -7.491444e-01 8.915854e-02 -6.563790e-01 -1.437354e+02
-6.608248e-01 -2.046356e-02 7.502613e-01 4.094391e+02 5.441328e-02 9.956915e-01 7.508457e-02 8.701748e+00 -7.485651e-01 9.044192e-02 -6.568641e-01 -1.454983e+02
-6.625278e-01 -2.111657e-02 7.487396e-01 4.114667e+02 5.513315e-02 9.955163e-01 7.686136e-02 8.859899e+00 -7.470054e-01 9.220316e-02 -6.583930e-01 -1.472732e+02
-6.631531e-01 -2.186065e-02 7.481645e-01 4.135048e+02 5.684481e-02 9.952155e-01 7.946497e-02 9.032380e+00 -7.463220e-01 9.522671e-02 -6.587376e-01 -1.490406e+02
-6.643280e-01 -2.260384e-02 7.470994e-01 4.155284e+02 5.816271e-02 9.949484e-01 8.182149e-02 9.198793e+00 -7.451747e-01 9.780962e-02 -6.596574e-01 -1.508162e+02
-6.661143e-01 -2.260797e-02 7.455070e-01 4.175471e+02 5.689454e-02 9.950880e-01 8.101224e-02 9.362830e+00 -7.436765e-01 9.637868e-02 -6.615560e-01 -1.525980e+02
-6.666559e-01 -2.274468e-02 7.450185e-01 4.195619e+02 5.325773e-02 9.955260e-01 7.804841e-02 9.538222e+00 -7.434604e-01 9.170943e-02 -6.624620e-01 -1.543640e+02
-6.680246e-01 -2.308884e-02 7.437809e-01 4.215726e+02 5.060103e-02 9.957956e-01 7.635918e-02 9.710318e+00 -7.424167e-01 8.864589e-02 -6.640476e-01 -1.561307e+02
-6.697088e-01 -2.402227e-02 7.422352e-01 4.235879e+02 4.983422e-02 9.957700e-01 7.719261e-02 9.870443e+00 -7.409498e-01 8.868528e-02 -6.656788e-01 -1.579159e+02
-6.701559e-01 -2.559209e-02 7.417791e-01 4.255929e+02 4.767771e-02 9.958570e-01 7.743216e-02 1.001637e+01 -7.406874e-01 8.725794e-02 -6.661592e-01 -1.596948e+02
-6.709280e-01 -2.652957e-02 7.410478e-01 4.275973e+02 4.521090e-02 9.960370e-01 7.659114e-02 1.019533e+01 -7.401429e-01 8.489058e-02 -6.670697e-01 -1.614783e+02
-6.722439e-01 -2.726056e-02 7.398277e-01 4.295973e+02 4.426986e-02 9.960534e-01 7.692754e-02 1.035660e+01 -7.390049e-01 8.446614e-02 -6.683840e-01 -1.632694e+02
-6.721383e-01 -2.881543e-02 7.398647e-01 4.316050e+02 4.463811e-02 9.958479e-01 7.933717e-02 1.051526e+01 -7.390788e-01 8.635171e-02 -6.680613e-01 -1.650642e+02
-6.727896e-01 -3.018607e-02 7.392178e-01 4.336144e+02 4.626672e-02 9.954949e-01 8.276025e-02 1.069883e+01 -7.383857e-01 8.988142e-02 -6.683621e-01 -1.668824e+02
-6.715670e-01 -3.160468e-02 7.402695e-01 4.355879e+02 5.091389e-02 9.947600e-01 8.865848e-02 1.088942e+01 -7.391924e-01 9.723011e-02 -6.664389e-01 -1.686512e+02
-6.702452e-01 -3.337224e-02 7.413891e-01 4.375750e+02 5.368648e-02 9.941908e-01 9.328636e-02 1.105310e+01 -7.401953e-01 1.023273e-01 -6.645600e-01 -1.704407e+02
-6.692186e-01 -3.534036e-02 7.422248e-01 4.395832e+02 4.937153e-02 9.945463e-01 9.186971e-02 1.126006e+01 -7.414236e-01 9.812569e-02 -6.638241e-01 -1.722367e+02
-6.675689e-01 -3.633381e-02 7.436610e-01 4.415912e+02 4.215330e-02 9.953621e-01 8.647158e-02 1.147945e+01 -7.433537e-01 8.907351e-02 -6.629412e-01 -1.739881e+02
-6.658122e-01 -3.833424e-02 7.451340e-01 4.436021e+02 3.728979e-02 9.957216e-01 8.454619e-02 1.167942e+01 -7.451869e-01 8.407777e-02 -6.615341e-01 -1.757505e+02
