1.000000e+00 0.000000e+00 0.000000e+00 0.000000e+00 0.000000e+00 1.000000e+00 0.000000e+00 0.000000e+00 0.000000e+00 0.000000e+00 1.000000e+00 0.000000e+00
9.999931e-01 -3.683641e-03 -4.076668e-04 6.898166e-01 3.683599e-03 9.999932e-01 -1.041111e-04 -2.422839e-02 4.080476e-04 1.026087e-04 9.999999e-01 7.691861e-03
9.999661e-01 -8.172393e-03 -9.815960e-04 1.438973e+00 8.173889e-03 9.999654e-01 1.529878e-03 -2.315971e-02 9.690593e-04 -1.537850e-03 9.999983e-01 5.630954e-03
9.999164e-01 -1.290287e-02 -7.819689e-04 2.159585e+00 1.290344e-02 9.999165e-01 7.336753e-04 -8.208978e-03 7.724370e-04 -7.437041e-04 9.999994e-01 8.156020e-03
9.998465e-01 -1.745549e-02 -1.541836e-03 2.945647e+00 1.745774e-02 9.998465e-01 1.455013e-03 1.412203e-02 1.516201e-03 -1.481706e-03 9.999978e-01 1.609850e-02
9.997449e-01 -2.247062e-02 -2.284641e-03 3.744187e+00 2.248047e-02 9.997377e-01 4.383016e-03 5.080800e-02 2.185553e-03 -4.433257e-03 9.999878e-01 2.273282e-02
9.996414e-01 -2.672960e-02 -1.625068e-03 4.542020e+00 2.673794e-02 9.996282e-01 5.349268e-03 8.447843e-02 1.481480e-03 -5.390801e-03 9.999844e-01 1.664063e-02
9.995127e-01 -3.121148e-02 4.801444e-04 5.340243e+00 3.120778e-02 9.994924e-01 6.397837e-03 1.319102e-01 -6.795867e-04 -6.379735e-03 9.999794e-01 2.884217e-02
9.993930e-01 -3.470110e-02 3.073189e-03 6.152099e+00 3.468435e-02 9.993840e-01 5.346904e-03 1.464129e-01 -3.256840e-03 -5.237067e-03 9.999810e-01 1.925211e-02
9.993084e-01 -3.705711e-02 3.068492e-03 6.971607e+00 3.703989e-02 9.992987e-01 5.488613e-03 1.953184e-01 -3.269732e-03 -5.371160e-03 9.999802e-01 2.968705e-02
9.992317e-01 -3.910327e-02 2.628554e-03 7.791889e+00 3.909114e-02 9.992254e-01 4.517874e-03 2.230206e-01 -2.803182e-03 -4.411650e-03 9.999863e-01 1.985979e-02
9.991505e-01 -4.113734e-02 2.442597e-03 8.616709e+00 4.112869e-02 9.991477e-01 3.494444e-03 2.530020e-01 -2.584268e-03 -3.391014e-03 9.999909e-01 3.290466e-02
9.990596e-01 -4.325033e-02 3.063260e-03 9.477441e+00 4.324183e-02 9.990607e-01 2.789263e-03 2.846166e-01 -3.181019e-03 -2.654179e-03 9.999914e-01 3.437796e-02
9.989896e-01 -4.483104e-02 3.141595e-03 1.035072e+01 4.483022e-02 9.989946e-01 3.326599e-04 3.278034e-01 -3.153349e-03 -1.914855e-04 9.999950e-01 3.937846e-02
9.989207e-01 -4.642884e-02 1.372452e-03 1.120297e+01 4.642621e-02 9.989199e-01 1.889005e-03 3.799072e-01 -1.458674e-03 -1.823249e-03 9.999973e-01 3.415076e-02
9.988581e-01 -4.776712e-02 -9.105822e-04 1.207579e+01 4.777015e-02 9.988516e-01 3.663390e-03 4.313516e-01 7.345469e-04 -3.702706e-03 9.999929e-01 4.044382e-02
9.987771e-01 -4.936803e-02 -2.664976e-03 1.297416e+01 4.938571e-02 9.987550e-01 7.032233e-03 4.888390e-01 2.314491e-03 -7.155245e-03 9.999717e-01 4.222971e-02
9.987081e-01 -5.075519e-02 -2.475277e-03 1.384144e+01 5.077235e-02 9.986825e-01 7.445876e-03 5.297383e-01 2.094099e-03 -7.561932e-03 9.999692e-01 5.063960e-02
9.986413e-01 -5.209360e-02 -1.308257e-03 1.475324e+01 5.210175e-02 9.986154e-01 7.254283e-03 5.886675e-01 9.285435e-04 -7.312590e-03 9.999728e-01 6.021003e-02
9.985898e-01 -5.308775e-02 -2.693338e-04 1.566134e+01 5.308832e-02 9.985645e-01 7.109071e-03 6.508311e-01 -1.084573e-04 -7.113345e-03 9.999747e-01 6.891767e-02
9.985144e-01 -5.448633e-02 3.664514e-04 1.656746e+01 5.448228e-02 9.984887e-01 7.208274e-03 6.966695e-01 -7.586500e-04 -7.177600e-03 9.999740e-01 7.717045e-02
9.984298e-01 -5.601524e-02 -3.681006e-04 1.747753e+01 5.601644e-02 9.984044e-01 7.128117e-03 7.464977e-01 -3.176989e-05 -7.137544e-03 9.999745e-01 6.748206e-02
9.983653e-01 -5.715437e-02 -4.280345e-04 1.839736e+01 5.715597e-02 9.983409e-01 6.971830e-03 7.929170e-01 2.885375e-05 -6.984898e-03 9.999756e-01 8.552960e-02
9.983400e-01 -5.759289e-02 6.201803e-04 1.933650e+01 5.758761e-02 9.983190e-01 6.545875e-03 8.632335e-01 -9.961336e-04 -6.499294e-03 9.999784e-01 9.448018e-02
9.983418e-01 -5.742838e-02 3.941798e-03 2.027232e+01 5.740170e-02 9.983295e-01 6.578853e-03 9.259054e-01 -4.313026e-03 -6.341678e-03 9.999706e-01 8.562052e-02
9.983475e-01 -5.693947e-02 7.754675e-03 2.121279e+01 5.688611e-02 9.983566e-01 6.935902e-03 9.803712e-01 -8.136858e-03 -6.483307e-03 9.999459e-01 8.481051e-02
9.984256e-01 -5.505791e-02 1.071954e-02 2.215440e+01 5.498775e-02 9.984643e-01 6.733938e-03 1.016090e+00 -1.107383e-02 -6.133893e-03 9.999199e-01 8.656216e-02
9.984887e-01 -5.369273e-02 1.171973e-02 2.310706e+01 5.363775e-02 9.985482e-01 4.956686e-03 1.074254e+00 -1.196886e-02 -4.320575e-03 9.999190e-01 7.832646e-02
9.985945e-01 -5.209758e-02 9.741082e-03 2.401806e+01 5.204349e-02 9.986284e-01 5.726561e-03 1.133737e+00 -1.002606e-02 -5.211553e-03 9.999362e-01 7.855090e-02
9.986706e-01 -5.131998e-02 4.825682e-03 2.499593e+01 5.127609e-02 9.986456e-01 8.817199e-03 1.197194e+00 -5.271644e-03 -8.558035e-03 9.999495e-01 8.235035e-02
9.987357e-01 -5.023253e-02 1.899885e-03 2.596672e+01 5.021258e-02 9.986944e-01 9.390399e-03 1.253960e+00 -2.369108e-03 -9.283129e-03 9.999541e-01 9.336844e-02
9.987832e-01 -4.921634e-02 3.139920e-03 2.690889e+01 4.919031e-02 9.987583e-01 7.890660e-03 1.292534e+00 -3.524371e-03 -7.726605e-03 9.999639e-01 1.018203e-01
9.987582e-01 -4.918640e-02 7.927895e-03 2.789527e+01 4.915657e-02 9.987834e-01 3.915084e-03 1.342252e+00 -8.110819e-03 -3.520514e-03 9.999609e-01 9.327699e-02
9.986785e-01 -5.005380e-02 1.165853e-02 2.886571e+01 5.005532e-02 9.987464e-01 1.618945e-04 1.393818e+00 -1.165202e-02 4.218911e-04 9.999320e-01 8.324886e-02
9.986488e-01 -5.060019e-02 1.184141e-02 2.984338e+01 5.070959e-02 9.986717e-01 -9.127997e-03 1.422760e+00 -1.136380e-02 9.716136e-03 9.998882e-01 8.475423e-02
9.986062e-01 -5.211041e-02 8.371755e-03 3.083415e+01 5.219118e-02 9.985896e-01 -9.737522e-03 1.479616e+00 -7.852521e-03 1.016088e-02 9.999175e-01 9.797081e-02
9.985448e-01 -5.373956e-02 4.501731e-03 3.182831e+01 5.377689e-02 9.985157e-01 -8.629969e-03 1.534143e+00 -4.031279e-03 8.859500e-03 9.999526e-01 1.005592e-01
9.984430e-01 -5.568059e-02 3.362347e-03 3.280861e+01 5.569984e-02 9.984299e-01 -5.930741e-03 1.586692e+00 -3.026840e-03 6.108789e-03 9.999768e-01 1.006812e-01
9.983924e-01 -5.641763e-02 5.443696e-03 3.381792e+01 5.646572e-02 9.983628e-01 -9.126105e-03 1.644963e+00 -4.919910e-03 9.418816e-03 9.999435e-01 1.105839e-01
9.983230e-01 -5.732241e-02 8.082620e-03 3.482317e+01 5.738752e-02 9.983194e-01 -8.068744e-03 1.716113e+00 -7.606516e-03 8.519054e-03 9.999348e-01 9.147963e-02
9.982433e-01 -5.850977e-02 9.322264e-03 3.584499e+01 5.855409e-02 9.982738e-01 -4.554885e-03 1.775903e+00 -9.039667e-03 5.092740e-03 9.999462e-01 9.802252e-02
9.981310e-01 -5.995163e-02 1.184554e-02 3.683582e+01 6.002438e-02 9.981796e-01 -5.884140e-03 1.851181e+00 -1.147121e-02 6.584163e-03 9.999125e-01 8.301949e-02
9.980861e-01 -5.997471e-02 1.507293e-02 3.784778e+01 6.006566e-02 9.981784e-01 -5.655117e-03 1.893321e+00 -1.470631e-02 6.549659e-03 9.998704e-01 8.933323e-02
9.980242e-01 -6.047780e-02 1.703045e-02 3.886744e+01 6.052349e-02 9.981644e-01 -2.179918e-03 1.972294e+00 -1.686736e-02 3.206354e-03 9.998526e-01 7.736332e-02
9.980486e-01 -6.009329e-02 1.696557e-02 3.984871e+01 6.010946e-02 9.981917e-01 -4.445212e-04 2.052800e+00 -1.690818e-02 1.463445e-03 9.998560e-01 7.848919e-02
9.980670e-01 -6.017960e-02 1.551212e-02 4.087020e+01 6.018195e-02 9.981874e-01 3.153486e-04 2.109681e+00 -1.550298e-02 6.188107e-04 9.998796e-01 7.897173e-02
9.980978e-01 -6.024909e-02 1.306753e-02 4.185549e+01 6.021012e-02 9.981801e-01 3.356000e-03 2.171561e+00 -1.324594e-02 -2.562819e-03 9.999090e-01 7.538823e-02
9.980539e-01 -6.095356e-02 1.315509e-02 4.283868e+01 6.091755e-02 9.981379e-01 3.121921e-03 2.233615e+00 -1.332089e-02 -2.314470e-03 9.999086e-01 6.902938e-02
9.979463e-01 -6.235638e-02 1.465760e-02 4.384240e+01 6.235667e-02 9.980538e-01 4.382319e-04 2.303957e+00 -1.465640e-02 4.766669e-04 9.998925e-01 6.665439e-02
9.978987e-01 -6.295889e-02 1.530657e-02 4.484742e+01 6.298338e-02 9.980139e-01 -1.123059e-03 2.365393e+00 -1.520546e-02 2.084759e-03 9.998822e-01 4.279408e-02
9.978990e-01 -6.343137e-02 1.319606e-02 4.581558e+01 6.341770e-02 9.979860e-01 1.452465e-03 2.445666e+00 -1.326162e-02 -6.125496e-04 9.999119e-01 6.762036e-02
9.979170e-01 -6.399883e-02 8.115419e-03 4.680492e+01 6.395564e-02 9.979377e-01 5.475523e-03 2.525325e+00 -8.449110e-03 -4.945090e-03 9.999521e-01 6.052098e-02
9.978889e-01 -6.458700e-02 6.807211e-03 4.778643e+01 6.454731e-02 9.978972e-01 5.897185e-03 2.584114e+00 -7.173779e-03 -5.445348e-03 9.999594e-01 6.957417e-02
9.978500e-01 -6.477515e-02 9.972840e-03 4.875477e+01 6.472825e-02 9.978906e-01 4.956501e-03 2.646462e+00 -1.027286e-02 -4.300320e-03 9.999380e-01 5.963589e-02
9.977860e-01 -6.495695e-02 1.427213e-02 4.973309e+01 6.492310e-02 9.978863e-01 2.823270e-03 2.718090e+00 -1.442536e-02 -1.890428e-03 9.998942e-01 6.898584e-02
9.977586e-01 -6.532008e-02 1.452900e-02 5.068734e+01 6.528966e-02 9.978631e-01 2.558398e-03 2.776671e+00 -1.466506e-02 -1.604070e-03 9.998912e-01 6.035381e-02
9.977593e-01 -6.536142e-02 1.429115e-02 5.165553e+01 6.538550e-02 9.978593e-01 -1.223919e-03 2.846485e+00 -1.418056e-02 2.155610e-03 9.998971e-01 5.954259e-02
9.977475e-01 -6.574027e-02 1.334419e-02 5.263337e+01 6.581226e-02 9.978194e-01 -5.028925e-03 2.911027e+00 -1.298449e-02 5.895809e-03 9.998983e-01 5.473303e-02
9.976942e-01 -6.639498e-02 1.407249e-02 5.359306e+01 6.647749e-02 9.977729e-01 -5.478774e-03 2.970311e+00 -1.367739e-02 6.401645e-03 9.998860e-01 5.769239e-02
9.975556e-01 -6.753736e-02 1.793364e-02 5.455136e+01 6.769651e-02 9.976704e-01 -8.419643e-03 3.037221e+00 -1.732322e-02 9.613107e-03 9.998037e-01 5.117255e-02
9.974023e-01 -6.814146e-02 2.335160e-02 5.549538e+01 6.842624e-02 9.975885e-01 -1.162047e-02 3.090161e+00 -2.250346e-02 1.318815e-02 9.996598e-01 4.352953e-02
9.973005e-01 -6.871248e-02 2.589039e-02 5.645856e+01 6.898281e-02 9.975707e-01 -9.696029e-03 3.159173e+00 -2.516125e-02 1.145585e-02 9.996178e-01 2.316833e-02
9.972907e-01 -6.996909e-02 2.270613e-02 5.739599e+01 7.019720e-02 9.974888e-01 -9.408774e-03 3.238310e+00 -2.199079e-02 1.097719e-02 9.996979e-01 1.940147e-02
9.973175e-01 -7.170885e-02 1.468167e-02 5.830493e+01 7.182527e-02 9.973886e-01 -7.561663e-03 3.310583e+00 -1.410109e-02 8.595894e-03 9.998636e-01 7.483756e-03
9.973234e-01 -7.245697e-02 9.800330e-03 5.921717e+01 7.251239e-02 9.973528e-01 -5.422625e-03 3.379554e+00 -9.381479e-03 6.118756e-03 9.999373e-01 2.852336e-02
9.972440e-01 -7.354178e-02 9.796428e-03 6.015652e+01 7.356292e-02 9.972889e-01 -1.815076e-03 3.472248e+00 -9.636386e-03 2.530728e-03 9.999504e-01 1.672507e-02
9.971635e-01 -7.424500e-02 1.235507e-02 6.104472e+01 7.426881e-02 9.972372e-01 -1.479248e-03 3.543017e+00 -1.221111e-02 2.392649e-03 9.999226e-01 8.138113e-03
9.970333e-01 -7.566906e-02 1.410125e-02 6.191168e+01 7.563803e-02 9.971316e-01 2.721723e-03 3.602690e+00 -1.426675e-02 -1.647057e-03 9.998969e-01 1.348048e-02
9.969722e-01 -7.656633e-02 1.356552e-02 6.279594e+01 7.649667e-02 9.970542e-01 5.582893e-03 3.679233e+00 -1.395302e-02 -4.528271e-03 9.998924e-01 3.033301e-02
9.968475e-01 -7.797153e-02 1.468315e-02 6.363693e+01 7.790343e-02 9.969476e-01 5.155598e-03 3.746111e+00 -1.504032e-02 -3.995478e-03 9.998789e-01 1.993911e-02
9.967019e-01 -7.978860e-02 1.480224e-02 6.447670e+01 7.971318e-02 9.968020e-01 5.618024e-03 3.822613e+00 -1.520316e-02 -4.419561e-03 9.998747e-01 1.641857e-02
9.966100e-01 -8.090622e-02 1.492225e-02 6.530120e+01 8.080213e-02 9.967023e-01 7.452316e-03 3.900615e+00 -1.547598e-02 -6.221304e-03 9.998609e-01 1.678187e-02
9.964685e-01 -8.245945e-02 1.584004e-02 6.613610e+01 8.235695e-02 9.965782e-01 7.019463e-03 3.968152e+00 -1.636465e-02 -5.690137e-03 9.998499e-01 2.687702e-02
9.963250e-01 -8.347858e-02 1.917880e-02 6.693977e+01 8.333510e-02 9.964881e-01 8.163785e-03 4.048339e+00 -1.979294e-02 -6.535517e-03 9.997827e-01 3.340414e-04
9.961226e-01 -8.505433e-02 2.248321e-02 6.771612e+01 8.484584e-02 9.963432e-01 1.007164e-02 4.121978e+00 -2.325763e-02 -8.124986e-03 9.996965e-01 -3.559839e-03
9.959594e-01 -8.639573e-02 2.450975e-02 6.849323e+01 8.610643e-02 9.962060e-01 1.262489e-02 4.175136e+00 -2.550750e-02 -1.046343e-02 9.996199e-01 -7.805310e-03
9.959085e-01 -8.784469e-02 2.120336e-02 6.926900e+01 8.752733e-02 9.960421e-01 1.546000e-02 4.254058e+00 -2.247751e-02 -1.354087e-02 9.996556e-01 2.752602e-03
9.959322e-01 -8.904670e-02 1.377495e-02 6.995915e+01 8.881926e-02 9.959140e-01 1.632614e-02 4.340069e+00 -1.517245e-02 -1.503624e-02 9.997718e-01 -1.483414e-04
9.958519e-01 -9.062037e-02 8.181324e-03 7.068896e+01 9.047888e-02 9.957655e-01 1.626514e-02 4.418163e+00 -9.620634e-03 -1.545744e-02 9.998342e-01 4.516486e-03
9.958208e-01 -9.108070e-02 6.728571e-03 7.139726e+01 9.095094e-02 9.957003e-01 1.757321e-02 4.477864e+00 -8.300220e-03 -1.688780e-02 9.998229e-01 -1.082216e-02
9.957535e-01 -9.156029e-02 9.579549e-03 7.208114e+01 9.137633e-02 9.956511e-01 1.814443e-02 4.553279e+00 -1.119920e-02 -1.719204e-02 9.997895e-01 -3.008749e-03
9.956108e-01 -9.278752e-02 1.223499e-02 7.271968e+01 9.256758e-02 9.955533e-01 1.746121e-02 4.614088e+00 -1.380077e-02 -1.625200e-02 9.997727e-01 1.204060e-03
9.955440e-01 -9.379178e-02 9.759334e-03 7.334487e+01 9.363676e-02 9.954891e-01 1.528606e-02 4.667175e+00 -1.114902e-02 -1.430411e-02 9.998355e-01 5.712205e-03
9.956143e-01 -9.337536e-02 5.757889e-03 7.394672e+01 9.333085e-02 9.956064e-01 7.567667e-03 4.734212e+00 -6.439225e-03 -6.997089e-03 9.999548e-01 7.732037e-03
9.957302e-01 -9.230300e-02 1.262394e-03 7.455076e+01 9.229589e-02 9.957198e-01 4.846023e-03 4.783721e+00 -1.704293e-03 -4.708818e-03 9.999875e-01 1.599703e-02
9.960009e-01 -8.934181e-02 4.489543e-04 7.515353e+01 8.933709e-02 9.959806e-01 6.439472e-03 4.848045e+00 -1.022464e-03 -6.373611e-03 9.999792e-01 2.414215e-02
9.963401e-01 -8.544098e-02 2.494218e-03 7.570005e+01 8.540664e-02 9.962785e-01 1.160885e-02 4.912642e+00 -3.476807e-03 -1.135334e-02 9.999295e-01 1.906740e-02
9.967184e-01 -8.074528e-02 5.715906e-03 7.627001e+01 8.068622e-02 9.966903e-01 9.903716e-03 4.942612e+00 -6.496666e-03 -9.410021e-03 9.999346e-01 1.773367e-02
9.971141e-01 -7.518926e-02 1.049048e-02 7.681151e+01 7.511615e-02 9.971488e-01 7.197525e-03 4.984053e+00 -1.100175e-02 -6.388749e-03 9.999191e-01 2.432425e-02
9.976611e-01 -6.681182e-02 1.444163e-02 7.735168e+01 6.679092e-02 9.977651e-01 1.925011e-03 5.009544e+00 -1.453797e-02 -9.559391e-04 9.998939e-01 3.824998e-02
9.982989e-01 -5.645807e-02 1.455409e-02 7.785795e+01 5.640963e-02 9.984008e-01 3.717584e-03 5.048137e+00 -1.474070e-02 -2.890269e-03 9.998872e-01 4.620321e-02
9.990272e-01 -4.173800e-02 1.423428e-02 7.836087e+01 4.159481e-02 9.990824e-01 1.021150e-02 5.067639e+00 -1.464742e-02 -9.609492e-03 9.998465e-01 4.950780e-02
9.996201e-01 -2.323975e-02 1.481568e-02 7.885959e+01 2.301495e-02 9.996201e-01 1.516710e-02 5.089573e+00 -1.516253e-02 -1.482036e-02 9.997752e-01 2.738962e-02
9.998732e-01 -1.695202e-03 1.583095e-02 7.932475e+01 1.466048e-03 9.998942e-01 1.447546e-02 5.075857e+00 -1.585381e-02 -1.445042e-02 9.997699e-01 2.728642e-02
9.995450e-01 2.486649e-02 1.707023e-02 7.980359e+01 -2.502052e-02 9.996476e-01 8.869626e-03 5.075380e+00 -1.684366e-02 -9.292696e-03 9.998150e-01 3.336558e-02
9.983618e-01 5.394567e-02 1.906674e-02 8.024716e+01 -5.411649e-02 9.984979e-01 8.559185e-03 5.018083e+00 -1.857637e-02 -9.576989e-03 9.997816e-01 2.593316e-02
9.959997e-01 8.694074e-02 2.063726e-02 8.069940e+01 -8.712947e-02 9.961614e-01 8.427232e-03 4.975670e+00 -1.982537e-02 -1.019163e-02 9.997515e-01 2.021204e-02
9.920117e-01 1.242345e-01 2.187787e-02 8.115984e+01 -1.244414e-01 9.921918e-01 8.357118e-03 4.902355e+00 -2.066880e-02 -1.101287e-02 9.997257e-01 2.009850e-02
9.858858e-01 1.658790e-01 2.265501e-02 8.158672e+01 -1.661078e-01 9.860701e-01 8.605095e-03 4.846274e+00 -2.091202e-02 -1.224681e-02 9.997063e-01 2.042828e-02
9.772531e-01 2.107594e-01 2.359836e-02 8.200585e+01 -2.110078e-01 9.774469e-01 8.559760e-03 4.736140e+00 -2.126209e-02 -1.334449e-02 9.996849e-01 1.792125e-02
9.655357e-01 2.592182e-01 2.338061e-02 8.243514e+01 -2.594835e-01 9.657049e-01 9.077473e-03 4.603683e+00 -2.022572e-02 -1.483151e-02 9.996854e-01 6.688282e-03
9.497752e-01 3.121342e-01 2.234489e-02 8.279840e+01 -3.124004e-01 9.499026e-01 9.538329e-03 4.485329e+00 -1.824823e-02 -1.603982e-02 9.997048e-01 1.770005e-02
9.298716e-01 3.672439e-01 2.169869e-02 8.318924e+01 -3.675045e-01 9.299739e-01 9.437897e-03 4.280525e+00 -1.671320e-02 -1.675040e-02 9.997200e-01 1.204396e-02
9.054211e-01 4.239803e-01 2.129006e-02 8.353258e+01 -4.242438e-01 9.054959e-01 9.712215e-03 4.126211e+00 -1.516027e-02 -1.782582e-02 9.997262e-01 8.496141e-03
8.763906e-01 4.811745e-01 2.026358e-02 8.387506e+01 -4.814222e-01 8.764358e-01 9.640211e-03 3.893481e+00 -1.312111e-02 -1.820393e-02 9.997482e-01 -1.519392e-02
8.429316e-01 5.377008e-01 1.854848e-02 8.420106e+01 -5.379093e-01 8.429576e-01 8.721054e-03 3.617078e+00 -1.094626e-02 -1.732865e-02 9.997899e-01 1.065482e-02
8.059491e-01 5.917118e-01 1.798041e-02 8.446696e+01 -5.919105e-01 8.059575e-01 8.627739e-03 3.383403e+00 -9.386312e-03 -1.759631e-02 9.998011e-01 4.785245e-03
7.661408e-01 6.423950e-01 1.889050e-02 8.479693e+01 -6.426034e-01 7.661590e-01 7.831617e-03 3.092568e+00 -9.442132e-03 -1.813922e-02 9.997909e-01 1.878266e-02
7.231748e-01 6.903381e-01 2.125119e-02 8.501434e+01 -6.905957e-01 7.231958e-01 8.083722e-03 2.824971e+00 -9.788273e-03 -2.052193e-02 9.997415e-01 4.767951e-03
6.778945e-01 7.348205e-01 2.231329e-02 8.524914e+01 -7.350958e-01 6.779224e-01 7.441870e-03 2.530905e+00 -9.658241e-03 -2.144721e-02 9.997233e-01 1.039526e-02
6.309777e-01 7.755390e-01 2.015729e-02 8.549442e+01 -7.757314e-01 6.310561e-01 3.004616e-03 2.194880e+00 -1.039019e-02 -1.753249e-02 9.997923e-01 5.681326e-03
5.842420e-01 8.113998e-01 1.707468e-02 8.565062e+01 -8.115324e-01 5.843055e-01 1.520109e-03 1.892014e+00 -8.743413e-03 -1.474477e-02 9.998531e-01 3.278125e-02
5.369994e-01 8.433970e-01 1.769430e-02 8.586878e+01 -8.435491e-01 5.370470e-01 2.343699e-03 1.553263e+00 -7.526001e-03 -1.618457e-02 9.998407e-01 1.766957e-02
4.896666e-01 8.716793e-01 2.004427e-02 8.600935e+01 -8.718852e-01 4.896960e-01 3.752366e-03 1.235921e+00 -6.544738e-03 -1.931371e-02 9.997921e-01 7.789901e-03
4.438040e-01 8.958838e-01 2.073980e-02 8.615062e+01 -8.961193e-01 4.437569e-01 7.074491e-03 8.969283e-01 -2.865508e-03 -2.172503e-02 9.997599e-01 1.599417e-02
4.008559e-01 9.160134e-01 1.529525e-02 8.629883e+01 -9.161359e-01 4.008539e-01 3.326925e-03 5.256639e-01 -3.083652e-03 -1.534614e-02 9.998775e-01 -5.054141e-03
3.615023e-01 9.323617e-01 4.225205e-03 8.636716e+01 -9.323581e-01 3.615175e-01 -3.673167e-03 1.886680e-01 -4.952206e-03 -2.611546e-03 9.999843e-01 3.922200e-02
3.259648e-01 9.453819e-01 -4.571467e-05 8.644951e+01 -9.453534e-01 3.259546e-01 -7.778524e-03 -1.851569e-01 -7.338775e-03 2.578741e-03 9.999697e-01 3.730265e-02
2.921238e-01 9.563769e-01 2.621465e-03 8.657137e+01 -9.563654e-01 2.921335e-01 -4.817193e-03 -5.602293e-01 -5.372870e-03 -1.099862e-03 9.999850e-01 5.156737e-02
2.611638e-01 9.652337e-01 1.083521e-02 8.667362e+01 -9.652945e-01 2.611505e-01 2.653507e-03 -9.074797e-01 -2.683645e-04 -1.115217e-02 9.999378e-01 2.817718e-02
2.328730e-01 9.723684e-01 1.642657e-02 8.677332e+01 -9.725013e-01 2.327798e-01 7.396821e-03 -1.287138e+00 3.368661e-03 -1.769738e-02 9.998377e-01 2.284188e-02
2.066399e-01 9.783095e-01 1.451056e-02 8.685497e+01 -9.784034e-01 2.065360e-01 8.343290e-03 -1.677798e+00 5.165365e-03 -1.592124e-02 9.998599e-01 3.235072e-02
1.833341e-01 9.830205e-01 7.698959e-03 8.690273e+01 -9.830232e-01 1.832649e-01 8.908256e-03 -2.085028e+00 7.346049e-03 -9.201443e-03 9.999307e-01 3.517651e-02
1.627913e-01 9.866605e-01 -8.982402e-06 8.695921e+01 -9.865614e-01 1.627750e-01 1.417403e-02 -2.485270e+00 1.398642e-02 -2.298547e-03 9.998995e-01 5.152680e-02
1.429239e-01 9.897323e-01 -1.647882e-03 8.700708e+01 -9.894924e-01 1.429256e-01 2.184284e-02 -2.910984e+00 2.185409e-02 -1.491297e-03 9.997601e-01 3.125347e-02
1.252852e-01 9.921207e-01 3.801138e-04 8.707540e+01 -9.918707e-01 1.252451e-01 2.249711e-02 -3.365486e+00 2.227224e-02 -3.195580e-03 9.997468e-01 4.550407e-02
1.097456e-01 9.939533e-01 3.570223e-03 8.710985e+01 -9.938038e-01 1.096641e-01 1.810441e-02 -3.806056e+00 1.760341e-02 -5.534981e-03 9.998297e-01 5.870367e-02
9.504377e-02 9.954655e-01 3.879451e-03 8.715465e+01 -9.953767e-01 9.497962e-02 1.428494e-02 -4.276954e+00 1.385170e-02 -5.219210e-03 9.998904e-01 7.021501e-02
8.192254e-02 9.966347e-01 2.820656e-03 8.719964e+01 -9.965674e-01 8.188250e-02 1.219131e-02 -4.770240e+00 1.191932e-02 -3.809717e-03 9.999217e-01 8.308216e-02
6.960342e-02 9.975737e-01 -1.460536e-03 8.722102e+01 -9.975151e-01 6.961519e-02 1.083115e-02 -5.264674e+00 1.090654e-02 7.030222e-04 9.999403e-01 9.078272e-02
5.955916e-02 9.982203e-01 -2.987185e-03 8.724701e+01 -9.981602e-01 5.958907e-02 1.119353e-02 -5.773883e+00 1.135161e-02 2.315012e-03 9.999329e-01 1.061025e-01
5.185986e-02 9.986366e-01 -5.964221e-03 8.725850e+01 -9.985857e-01 5.192543e-02 1.142136e-02 -6.295441e+00 1.171548e-02 5.363475e-03 9.999170e-01 1.140194e-01
4.556461e-02 9.989333e-01 -7.485994e-03 8.730758e+01 -9.988874e-01 4.565119e-02 1.183344e-02 -6.848929e+00 1.216256e-02 6.938479e-03 9.999020e-01 1.147207e-01
3.987382e-02 9.991753e-01 -7.666554e-03 8.733544e+01 -9.991205e-01 3.996889e-02 1.267468e-02 -7.391450e+00 1.297065e-02 7.154424e-03 9.998903e-01 1.285767e-01
3.421208e-02 9.993896e-01 -7.073485e-03 8.733559e+01 -9.993197e-01 3.430548e-02 1.353441e-02 -7.985003e+00 1.376880e-02 6.605633e-03 9.998834e-01 1.227263e-01
2.960939e-02 9.994970e-01 -1.135676e-02 8.735395e+01 -9.994651e-01 2.976246e-02 1.355500e-02 -8.597923e+00 1.388619e-02 1.094933e-02 9.998436e-01 1.305231e-01
2.643536e-02 9.995871e-01 -1.125726e-02 8.737610e+01 -9.995553e-01 2.658663e-02 1.350611e-02 -9.215860e+00 1.379982e-02 1.089521e-02 9.998454e-01 1.466988e-01
2.342068e-02 9.996624e-01 -1.125200e-02 8.739271e+01 -9.996362e-01 2.356772e-02 1.311823e-02 -9.880262e+00 1.337898e-02 1.094066e-02 9.998506e-01 1.565485e-01
2.055268e-02 9.996819e-01 -1.461685e-02 8.739215e+01 -9.997038e-01 2.073931e-02 1.273312e-02 -1.052938e+01 1.303222e-02 1.435083e-02 9.998121e-01 1.757545e-01
2.000269e-02 9.996285e-01 -1.851612e-02 8.739378e+01 -9.997206e-01 2.023103e-02 1.222775e-02 -1.120853e+01 1.259780e-02 1.826636e-02 9.997538e-01 1.818142e-01
2.105467e-02 9.995173e-01 -2.284527e-02 8.741331e+01 -9.997008e-01 2.133203e-02 1.196561e-02 -1.192119e+01 1.244717e-02 2.258650e-02 9.996674e-01 1.918431e-01
2.351070e-02 9.994521e-01 -2.329890e-02 8.742477e+01 -9.996491e-01 2.378713e-02 1.165884e-02 -1.261408e+01 1.220666e-02 2.301662e-02 9.996606e-01 2.024139e-01
2.721362e-02 9.993304e-01 -2.445699e-02 8.743610e+01 -9.995550e-01 2.750233e-02 1.154695e-02 -1.334829e+01 1.221184e-02 2.413187e-02 9.996342e-01 2.188049e-01
3.127159e-02 9.991823e-01 -2.562951e-02 8.746758e+01 -9.994375e-01 3.156985e-02 1.131665e-02 -1.408531e+01 1.211652e-02 2.526121e-02 9.996075e-01 2.262249e-01
3.533840e-02 9.989911e-01 -2.771140e-02 8.749489e+01 -9.993191e-01 3.561709e-02 9.628393e-03 -1.484586e+01 1.060568e-02 2.735228e-02 9.995696e-01 2.267395e-01
3.950638e-02 9.988090e-01 -2.863359e-02 8.752649e+01 -9.991793e-01 3.974513e-02 7.817208e-03 -1.561449e+01 8.945943e-03 2.830126e-02 9.995594e-01 2.396500e-01
4.380114e-02 9.987314e-01 -2.484089e-02 8.756542e+01 -9.990155e-01 4.396171e-02 5.954871e-03 -1.640188e+01 7.039365e-03 2.455560e-02 9.996737e-01 2.467712e-01
4.794907e-02 9.986418e-01 -2.038421e-02 8.761788e+01 -9.988340e-01 4.805303e-02 4.640818e-03 -1.719594e+01 5.614038e-03 2.013792e-02 9.997814e-01 2.517797e-01
5.187615e-02 9.983922e-01 -2.284523e-02 8.766797e+01 -9.986312e-01 5.201453e-02 5.504668e-03 -1.799417e+01 6.684101e-03 2.252839e-02 9.997239e-01 2.663705e-01
5.513219e-02 9.982805e-01 -1.991384e-02 8.772660e+01 -9.984265e-01 5.532300e-02 9.160829e-03 -1.883118e+01 1.024677e-02 1.937745e-02 9.997597e-01 2.784229e-01
5.643162e-02 9.983088e-01 -1.396774e-02 8.776804e+01 -9.982868e-01 5.663594e-02 1.469233e-02 -1.964195e+01 1.545856e-02 1.311470e-02 9.997945e-01 2.916426e-01
5.642435e-02 9.983242e-01 -1.285126e-02 8.783575e+01 -9.982391e-01 5.664617e-02 1.760517e-02 -2.045870e+01 1.830364e-02 1.183527e-02 9.997624e-01 3.156107e-01
5.682875e-02 9.983367e-01 -9.713838e-03 8.788236e+01 -9.982289e-01 5.698870e-02 1.706976e-02 -2.125770e+01 1.759495e-02 8.726581e-03 9.998071e-01 3.340371e-01
5.689124e-02 9.983290e-01 -1.012917e-02 8.794668e+01 -9.982549e-01 5.704203e-02 1.527880e-02 -2.210999e+01 1.583106e-02 9.242262e-03 9.998320e-01 3.484730e-01
5.661802e-02 9.983609e-01 -8.363328e-03 8.799537e+01 -9.982908e-01 5.673162e-02 1.403533e-02 -2.290931e+01 1.448679e-02 7.554380e-03 9.998665e-01 3.860919e-01
5.714138e-02 9.983343e-01 -7.962637e-03 8.804269e+01 -9.982770e-01 5.724104e-02 1.290679e-02 -2.372951e+01 1.334108e-02 7.211405e-03 9.998850e-01 3.948319e-01
5.764103e-02 9.983250e-01 -4.965412e-03 8.809681e+01 -9.982480e-01 5.770171e-02 1.309345e-02 -2.454872e+01 1.335803e-02 4.201993e-03 9.999019e-01 4.191749e-01
5.794645e-02 9.983141e-01 -3.337455e-03 8.815725e+01 -9.982243e-01 5.798681e-02 1.363208e-02 -2.538826e+01 1.380263e-02 2.541598e-03 9.999015e-01 4.418765e-01
5.663185e-02 9.983944e-01 -1.190442e-03 8.820842e+01 -9.982860e-01 5.664325e-02 1.471991e-02 -2.619547e+01 1.476371e-02 3.547864e-04 9.998909e-01 4.551837e-01
5.385370e-02 9.985470e-01 1.918584e-03 8.826511e+01 -9.984453e-01 5.382035e-02 1.450237e-02 -2.701814e+01 1.437804e-02 -2.696607e-03 9.998930e-01 4.779954e-01
5.043414e-02 9.987221e-01 3.242163e-03 8.830963e+01 -9.986413e-01 5.038689e-02 1.329582e-02 -2.783592e+01 1.311547e-02 -3.908321e-03 9.999064e-01 5.019284e-01
4.525956e-02 9.989587e-01 5.753590e-03 8.836519e+01 -9.989166e-01 4.519377e-02 1.109290e-02 -2.864779e+01 1.082132e-02 -6.249416e-03 9.999219e-01 5.230455e-01
3.886650e-02 9.992290e-01 5.549461e-03 8.841825e+01 -9.992085e-01 3.881740e-02 8.695940e-03 -2.950299e+01 8.473820e-03 -5.883049e-03 9.999468e-01 5.336932e-01
3.121190e-02 9.994961e-01 5.778734e-03 8.844063e+01 -9.994762e-01 3.116076e-02 8.737210e-03 -3.031147e+01 8.552737e-03 -6.048412e-03 9.999451e-01 5.523766e-01
2.255264e-02 9.997262e-01 6.240183e-03 8.846569e+01 -9.997047e-01 2.249475e-02 9.196874e-03 -3.111529e+01 9.053985e-03 -6.445754e-03 9.999382e-01 5.598238e-01
1.256236e-02 9.998984e-01 6.741980e-03 8.848675e+01 -9.998768e-01 1.249807e-02 9.494263e-03 -3.193401e+01 9.409037e-03 -6.860420e-03 9.999322e-01 5.836931e-01
2.451228e-03 9.999808e-01 5.693629e-03 8.848629e+01 -9.999580e-01 2.400839e-03 8.840103e-03 -3.272119e+01 8.826264e-03 -5.715059e-03 9.999447e-01 5.991075e-01
-8.336475e-03 9.999413e-01 6.916618e-03 8.848112e+01 -9.999328e-01 -8.391717e-03 7.996653e-03 -3.353081e+01 8.054226e-03 -6.849490e-03 9.999441e-01 6.280458e-01
-1.975306e-02 9.997845e-01 6.392806e-03 8.846532e+01 -9.997798e-01 -1.979743e-02 6.953212e-03 -3.431490e+01 7.078274e-03 -6.254052e-03 9.999554e-01 6.421213e-01
-3.097772e-02 9.995012e-01 6.134572e-03 8.844521e+01 -9.994924e-01 -3.102197e-02 7.254014e-03 -3.510227e+01 7.440702e-03 -5.906745e-03 9.999549e-01 6.567830e-01
-4.155584e-02 9.991120e-01 6.948808e-03 8.840268e+01 -9.991106e-01 -4.160356e-02 6.870714e-03 -3.589898e+01 7.153708e-03 -6.657109e-03 9.999523e-01 6.786179e-01
-5.195448e-02 9.986163e-01 8.138290e-03 8.837776e+01 -9.986198e-01 -5.201401e-02 7.282533e-03 -3.664874e+01 7.695761e-03 -7.748698e-03 9.999404e-01 6.836988e-01
-6.214115e-02 9.980390e-01 7.518846e-03 8.833168e+01 -9.980299e-01 -6.220231e-02 8.193705e-03 -3.741064e+01 8.645327e-03 -6.994867e-03 9.999382e-01 7.030997e-01
-7.218055e-02 9.973682e-01 6.835618e-03 8.828338e+01 -9.973482e-01 -7.223961e-02 8.827394e-03 -3.820095e+01 9.297964e-03 -6.180325e-03 9.999377e-01 7.126266e-01
-8.171591e-02 9.966323e-01 6.828074e-03 8.822315e+01 -9.966124e-01 -8.177429e-02 8.758501e-03 -3.893856e+01 9.287366e-03 -6.089234e-03 9.999383e-01 7.255253e-01
-9.098683e-02 9.958348e-01 5.870291e-03 8.814277e+01 -9.958041e-01 -9.103872e-02 9.278585e-03 -3.967466e+01 9.774361e-03 -5.001431e-03 9.999397e-01 7.452284e-01
-9.964115e-02 9.949954e-01 7.468149e-03 8.807804e+01 -9.949810e-01 -9.970340e-02 8.485595e-03 -4.042351e+01 9.187728e-03 -6.585152e-03 9.999361e-01 7.562113e-01
-1.075256e-01 9.941928e-01 4.347237e-03 8.800159e+01 -9.941672e-01 -1.075575e-01 7.929291e-03 -4.118151e+01 8.350822e-03 -3.469279e-03 9.999591e-01 7.729158e-01
-1.127036e-01 9.936254e-01 2.535570e-03 8.791559e+01 -9.936092e-01 -1.127170e-01 5.970460e-03 -4.188019e+01 6.218202e-03 -1.846474e-03 9.999790e-01 7.846363e-01
-1.166761e-01 9.931696e-01 -9.559841e-04 8.783533e+01 -9.931618e-01 -1.166712e-01 4.191761e-03 -4.260393e+01 4.051594e-03 1.438525e-03 9.999908e-01 8.061908e-01
-1.194034e-01 9.928394e-01 -3.573139e-03 8.774489e+01 -9.928428e-01 -1.193933e-01 2.909392e-03 -4.333116e+01 2.461950e-03 3.894957e-03 9.999894e-01 8.215590e-01
-1.210749e-01 9.926374e-01 -3.432390e-03 8.766101e+01 -9.926414e-01 -1.210670e-01 2.428444e-03 -4.400245e+01 1.995015e-03 3.701156e-03 9.999912e-01 8.263415e-01
-1.217414e-01 9.925545e-01 -3.811707e-03 8.758644e+01 -9.925603e-01 -1.217335e-01 2.245174e-03 -4.464145e+01 1.764446e-03 4.056680e-03 9.999902e-01 8.360356e-01
-1.207381e-01 9.926733e-01 -4.703840e-03 8.751641e+01 -9.926814e-01 -1.207246e-01 3.048769e-03 -4.531863e+01 2.458562e-03 5.037517e-03 9.999843e-01 8.463698e-01
-1.182393e-01 9.929726e-01 -4.995878e-03 8.742366e+01 -9.929785e-01 -1.182185e-01 4.257794e-03 -4.596847e+01 3.637267e-03 5.464238e-03 9.999785e-01 8.727881e-01
-1.134535e-01 9.935332e-01 -4.480402e-03 8.735491e+01 -9.935346e-01 -1.134324e-01 4.705396e-03 -4.659561e+01 4.166744e-03 4.985278e-03 9.999789e-01 8.792700e-01
-1.055054e-01 9.944100e-01 -4.169223e-03 8.731302e+01 -9.944065e-01 -1.054824e-01 5.405172e-03 -4.717478e+01 4.935178e-03 4.716178e-03 9.999767e-01 8.853005e-01
-9.366857e-02 9.955966e-01 -3.692937e-03 8.724765e+01 -9.955881e-01 -9.364592e-02 5.891276e-03 -4.776402e+01 5.519506e-03 4.228471e-03 9.999758e-01 9.048068e-01
-8.046854e-02 9.967501e-01 -3.750005e-03 8.720040e+01 -9.967401e-01 -8.044459e-02 6.153039e-03 -4.832574e+01 5.831374e-03 4.232907e-03 9.999740e-01 9.136884e-01
-6.412229e-02 9.979381e-01 -2.798473e-03 8.718736e+01 -9.979157e-01 -6.409998e-02 7.442401e-03 -4.889241e+01 7.247673e-03 3.269864e-03 9.999684e-01 9.165512e-01
-4.276627e-02 9.990842e-01 -1.317206e-03 8.716562e+01 -9.990402e-01 -4.275180e-02 9.541252e-03 -4.942518e+01 9.476202e-03 1.723986e-03 9.999536e-01 9.433748e-01
-1.818082e-02 9.998345e-01 6.926264e-04 8.717717e+01 -9.997547e-01 -1.818813e-02 1.264015e-02 -4.995171e+01 1.265065e-02 -4.626482e-04 9.999199e-01 9.596586e-01
1.026845e-02 9.999456e-01 1.839712e-03 8.718645e+01 -9.998340e-01 1.023958e-02 1.506910e-02 -5.047473e+01 1.504944e-02 -1.994142e-03 9.998848e-01 9.505180e-01
4.322789e-02 9.990625e-01 2.334529e-03 8.722650e+01 -9.989561e-01 4.318851e-02 1.488136e-02 -5.100835e+01 1.476658e-02 -2.975382e-03 9.998865e-01 9.795386e-01
8.109216e-02 9.967047e-01 1.945352e-03 8.728491e+01 -9.966167e-01 8.105847e-02 1.359064e-02 -5.153995e+01 1.338816e-02 -3.040865e-03 9.999058e-01 9.820008e-01
1.234073e-01 9.923557e-01 8.540518e-04 8.738159e+01 -9.923071e-01 1.233926e-01 1.004386e-02 -5.202948e+01 9.861700e-03 -2.086968e-03 9.999492e-01 9.910740e-01
1.677183e-01 9.858249e-01 4.459346e-03 8.749741e+01 -9.858218e-01 1.676909e-01 5.928348e-03 -5.253847e+01 5.096521e-03 -5.390413e-03 9.999725e-01 1.006916e+00
2.160273e-01 9.763428e-01 9.321594e-03 8.762308e+01 -9.763868e-01 2.160072e-01 3.129721e-03 -5.302854e+01 1.042150e-03 -9.777586e-03 9.999517e-01 1.009240e+00
2.666713e-01 9.637230e-01 1.115498e-02 8.777138e+01 -9.637872e-01 2.666637e-01 2.185188e-03 -5.348965e+01 -8.687113e-04 -1.133375e-02 9.999354e-01 1.026642e+00
3.206297e-01 9.471411e-01 1.096562e-02 8.797991e+01 -9.472032e-01 3.206277e-01 1.987360e-03 -5.396181e+01 -1.633573e-03 -1.102388e-02 9.999379e-01 1.028166e+00
3.782423e-01 9.256669e-01 8.580059e-03 8.817531e+01 -9.257061e-01 3.782358e-01 2.437372e-03 -5.440060e+01 -9.890907e-04 -8.864530e-03 9.999602e-01 1.046843e+00
4.382322e-01 8.988494e-01 4.716619e-03 8.837367e+01 -8.988558e-01 4.382040e-01 5.963184e-03 -5.479244e+01 3.293163e-03 -6.852820e-03 9.999711e-01 1.044503e+00
4.974329e-01 8.675021e-01 -7.535741e-04 8.865907e+01 -8.674590e-01 4.974165e-01 9.576926e-03 -5.522961e+01 8.682844e-03 -4.110184e-03 9.999539e-01 1.059442e+00
5.558428e-01 8.312873e-01 -4.128251e-04 8.890559e+01 -8.312067e-01 5.557957e-01 1.366082e-02 -5.558777e+01 1.158552e-02 -7.250128e-03 9.999066e-01 1.050421e+00
6.113916e-01 7.913282e-01 -1.596144e-04 8.926307e+01 -7.912221e-01 6.113130e-01 1.624892e-02 -5.594352e+01 1.295580e-02 -9.808162e-03 9.998680e-01 1.055016e+00
6.646922e-01 7.471084e-01 -3.640688e-03 8.957110e+01 -7.469449e-01 6.646356e-01 1.824241e-02 -5.627852e+01 1.604879e-02 -9.406193e-03 9.998270e-01 1.061516e+00
7.144378e-01 6.996859e-01 -4.283368e-03 8.990172e+01 -6.995393e-01 7.143921e-01 1.699102e-02 -5.657168e+01 1.494838e-02 -9.142642e-03 9.998465e-01 1.073275e+00
7.600860e-01 6.498224e-01 -3.718479e-04 9.030859e+01 -6.497560e-01 7.600163e-01 1.386628e-02 -5.689023e+01 9.293228e-03 -1.029795e-02 9.999038e-01 1.098283e+00
8.018534e-01 5.975192e-01 1.394026e-03 9.069832e+01 -5.975076e-01 8.018179e-01 8.528924e-03 -5.710816e+01 3.978442e-03 -7.671888e-03 9.999627e-01 1.090061e+00
8.395327e-01 5.432683e-01 6.668696e-03 9.108560e+01 -5.433051e-01 8.395111e-01 6.387357e-03 -5.734346e+01 -2.128395e-03 -8.985531e-03 9.999574e-01 1.104188e+00
8.717208e-01 4.898737e-01 1.125262e-02 9.152581e+01 -4.899364e-01 8.717510e-01 3.538453e-03 -5.757121e+01 -8.076092e-03 -8.597613e-03 9.999304e-01 1.089482e+00
8.979717e-01 4.397094e-01 1.739145e-02 9.194785e+01 -4.398275e-01 8.980755e-01 3.472222e-03 -5.775246e+01 -1.409207e-02 -1.076720e-02 9.998427e-01 1.100400e+00
9.191619e-01 3.933189e-01 2.101799e-02 9.236323e+01 -3.934961e-01 9.193131e-01 4.921186e-03 -5.790592e+01 -1.738652e-02 -1.279386e-02 9.997670e-01 1.115757e+00
9.350914e-01 3.535334e-01 2.486261e-02 9.285409e+01 -3.538545e-01 9.352487e-01 9.842041e-03 -5.805998e+01 -1.977323e-02 -1.800096e-02 9.996424e-01 1.096293e+00
9.478195e-01 3.178409e-01 2.480634e-02 9.328820e+01 -3.182455e-01 9.478982e-01 1.444977e-02 -5.818276e+01 -1.892116e-02 -2.159028e-02 9.995878e-01 1.099544e+00
9.577107e-01 2.868117e-01 2.300499e-02 9.376913e+01 -2.872219e-01 9.577121e-01 1.705919e-02 -5.829505e+01 -1.713938e-02 -2.294531e-02 9.995898e-01 1.066157e+00
9.640641e-01 2.647802e-01 2.172331e-02 9.424624e+01 -2.650722e-01 9.641559e-01 1.183835e-02 -5.842167e+01 -1.781010e-02 -1.717117e-02 9.996939e-01 1.100398e+00
9.682531e-01 2.490478e-01 2.147348e-02 9.473059e+01 -2.492697e-01 9.683984e-01 8.317424e-03 -5.855217e+01 -1.872345e-02 -1.340606e-02 9.997348e-01 1.091920e+00
9.714849e-01 2.361066e-01 2.169914e-02 9.522442e+01 -2.363993e-01 9.715812e-01 1.205447e-02 -5.866332e+01 -1.823634e-02 -1.684040e-02 9.996919e-01 1.079386e+00
9.737492e-01 2.264989e-01 2.260182e-02 9.573092e+01 -2.268872e-01 9.737832e-01 1.638822e-02 -5.875717e+01 -1.829736e-02 -2.108608e-02 9.996102e-01 1.059645e+00
9.751298e-01 2.204772e-01 2.261976e-02 9.623699e+01 -2.209718e-01 9.750241e-01 2.235080e-02 -5.884284e+01 -1.712697e-02 -2.679326e-02 9.994943e-01 1.056238e+00
9.758588e-01 2.174013e-01 2.088868e-02 9.676364e+01 -2.179856e-01 9.754376e-01 3.168217e-02 -5.895611e+01 -1.348786e-02 -3.547076e-02 9.992797e-01 1.043077e+00
9.760466e-01 2.167658e-01 1.859024e-02 9.729466e+01 -2.172719e-01 9.755896e-01 3.190410e-02 -5.908025e+01 -1.122073e-02 -3.517903e-02 9.993180e-01 1.047780e+00
9.756492e-01 2.188423e-01 1.472247e-02 9.783296e+01 -2.192025e-01 9.752020e-01 3.051692e-02 -5.919598e+01 -7.678991e-03 -3.300101e-02 9.994258e-01 1.039107e+00
9.746521e-01 2.235526e-01 8.802243e-03 9.838369e+01 -2.237201e-01 9.741530e-01 3.123020e-02 -5.932483e+01 -1.593140e-03 -3.240782e-02 9.994735e-01 1.043455e+00
9.737328e-01 2.276540e-01 4.261988e-03 9.894256e+01 -2.276683e-01 9.731723e-01 3.320789e-02 -5.944815e+01 3.412261e-03 -3.330593e-02 9.994394e-01 1.045713e+00
9.726932e-01 2.320312e-01 5.426598e-03 9.952739e+01 -2.320739e-01 9.720275e-01 3.611496e-02 -5.957506e+01 3.104997e-03 -3.638815e-02 9.993329e-01 1.038083e+00
9.714799e-01 2.369191e-01 9.806184e-03 1.001172e+02 -2.371215e-01 9.707299e-01 3.816941e-02 -5.973157e+01 -4.760912e-04 -3.940607e-02 9.992232e-01 1.026388e+00
9.702443e-01 2.416792e-01 1.473359e-02 1.007369e+02 -2.420608e-01 9.696108e-01 3.551679e-02 -5.985643e+01 -5.702183e-03 -3.802639e-02 9.992605e-01 1.046167e+00
9.692257e-01 2.454190e-01 1.926419e-02 1.013379e+02 -2.459280e-01 9.687853e-01 3.121799e-02 -6.001545e+01 -1.100138e-02 -3.499488e-02 9.993269e-01 1.043138e+00
9.682328e-01 2.488969e-01 2.398976e-02 1.019693e+02 -2.495303e-01 9.679465e-01 2.853511e-02 -6.018995e+01 -1.611850e-02 -3.361480e-02 9.993049e-01 1.038056e+00
9.675654e-01 2.514905e-01 2.387029e-02 1.026063e+02 -2.520883e-01 9.673377e-01 2.663022e-02 -6.036649e+01 -1.639339e-02 -3.178390e-02 9.993603e-01 1.025514e+00
9.673244e-01 2.527302e-01 2.027411e-02 1.032352e+02 -2.531601e-01 9.671619e-01 2.253455e-02 -6.051747e+01 -1.391319e-02 -2.693081e-02 9.995405e-01 1.021214e+00
9.674815e-01 2.526216e-01 1.272543e-02 1.038773e+02 -2.528381e-01 9.673011e-01 2.003943e-02 -6.069263e+01 -7.246928e-03 -2.260525e-02 9.997182e-01 1.027181e+00
9.677371e-01 2.518598e-01 7.180513e-03 1.045706e+02 -2.519609e-01 9.674268e-01 2.451658e-02 -6.085817e+01 -7.718800e-04 -2.553482e-02 9.996736e-01 1.015962e+00
9.683483e-01 2.495799e-01 3.369298e-03 1.052361e+02 -2.495823e-01 9.680089e-01 2.583343e-02 -6.103755e+01 3.185994e-03 -2.585667e-02 9.996606e-01 1.019355e+00
9.689468e-01 2.471483e-01 7.733628e-03 1.059456e+02 -2.472677e-01 9.685783e-01 2.673518e-02 -6.119735e+01 -8.830689e-04 -2.781724e-02 9.996126e-01 1.009254e+00
9.692206e-01 2.458181e-01 1.359932e-02 1.066308e+02 -2.460493e-01 9.690657e-01 1.927119e-02 -6.137576e+01 -8.441425e-03 -2.202413e-02 9.997218e-01 1.027312e+00
9.698901e-01 2.427567e-01 1.955626e-02 1.073519e+02 -2.431220e-01 9.698067e-01 1.914772e-02 -6.156357e+01 -1.431756e-02 -2.332574e-02 9.996254e-01 1.009201e+00
9.703128e-01 2.410935e-01 1.915716e-02 1.080950e+02 -2.414733e-01 9.701830e-01 2.087041e-02 -6.172115e+01 -1.355423e-02 -2.487676e-02 9.995986e-01 1.007598e+00
9.708676e-01 2.390545e-01 1.640390e-02 1.088123e+02 -2.394248e-01 9.705533e-01 2.649706e-02 -6.188864e+01 -9.586612e-03 -2.965264e-02 9.995143e-01 1.001337e+00
9.719200e-01 2.350491e-01 1.111238e-02 1.095661e+02 -2.352763e-01 9.715079e-01 2.859021e-02 -6.206756e+01 -4.075660e-03 -3.040187e-02 9.995294e-01 1.007118e+00
9.728620e-01 2.312466e-01 8.031389e-03 1.103339e+02 -2.313834e-01 9.724301e-01 2.900542e-02 -6.226343e+01 -1.102558e-03 -3.007660e-02 9.995470e-01 1.006161e+00
9.736938e-01 2.277031e-01 8.463123e-03 1.110993e+02 -2.278497e-01 9.733359e-01 2.649038e-02 -6.242322e+01 -2.205521e-03 -2.772184e-02 9.996132e-01 9.976983e-01
9.744206e-01 2.244989e-01 1.023094e-02 1.119002e+02 -2.246808e-01 9.741593e-01 2.306719e-02 -6.259075e+01 -4.788012e-03 -2.477584e-02 9.996816e-01 1.009347e+00
9.748773e-01 2.224089e-01 1.218330e-02 1.126938e+02 -2.226274e-01 9.746728e-01 2.121287e-02 -6.276327e+01 -7.156804e-03 -2.339228e-02 9.997007e-01 1.005740e+00
9.751327e-01 2.211699e-01 1.414410e-02 1.134718e+02 -2.214239e-01 9.749721e-01 2.002211e-02 -6.297338e+01 -9.361815e-03 -2.265606e-02 9.996995e-01 9.938708e-01
9.753595e-01 2.201012e-01 1.514157e-02 1.142770e+02 -2.203549e-01 9.752565e-01 1.784469e-02 -6.316172e+01 -1.083928e-02 -2.074151e-02 9.997261e-01 1.000725e+00
9.753244e-01 2.201947e-01 1.601714e-02 1.150890e+02 -2.204322e-01 9.752874e-01 1.497216e-02 -6.332201e+01 -1.232453e-02 -1.813341e-02 9.997596e-01 9.877034e-01
9.753071e-01 2.203061e-01 1.553405e-02 1.158966e+02 -2.205889e-01 9.751671e-01 1.974187e-02 -6.350442e+01 -1.079903e-02 -2.268103e-02 9.996844e-01 9.819880e-01
