1.000000e+00 0.000000e+00 0.000000e+00 0.000000e+00 0.000000e+00 1.000000e+00 0.000000e+00 0.000000e+00 0.000000e+00 0.000000e+00 1.000000e+00 0.000000e+00
9.989168e-01 4.634206e-02 -4.204751e-03 1.051658e+00 -4.635738e-02 9.989184e-01 -3.621465e-03 -3.359167e-02 4.032377e-03 3.812463e-03 9.999846e-01 9.142060e-03
9.957405e-01 9.192221e-02 -7.150124e-03 2.039250e+00 -9.195045e-02 9.957566e-01 -3.725076e-03 -1.212636e-01 6.777366e-03 4.366667e-03 9.999675e-01 4.673468e-02
9.902871e-01 1.386706e-01 -1.009826e-02 3.079035e+00 -1.386941e-01 9.903339e-01 -1.661070e-03 -2.386308e-01 9.770305e-03 3.045505e-03 9.999476e-01 2.441736e-02
9.826789e-01 1.850571e-01 -9.803335e-03 3.981704e+00 -1.850990e-01 9.827135e-01 -3.537917e-03 -4.162948e-01 8.979153e-03 5.291223e-03 9.999457e-01 6.163260e-02
9.729957e-01 2.305392e-01 -1.144258e-02 4.988521e+00 -2.306033e-01 9.730369e-01 -4.615094e-03 -6.110331e-01 1.007009e-02 7.129164e-03 9.999239e-01 7.459106e-02
9.612225e-01 2.753741e-01 -1.484468e-02 6.004652e+00 -2.755021e-01 9.612722e-01 -7.370310e-03 -8.854119e-01 1.224019e-02 1.117425e-02 9.998626e-01 7.888777e-02
9.478721e-01 3.182018e-01 -1.691408e-02 6.870008e+00 -3.183824e-01 9.479170e-01 -9.276198e-03 -1.166993e+00 1.308144e-02 1.417779e-02 9.998139e-01 1.626248e-01
9.322609e-01 3.613243e-01 -1.828712e-02 7.791801e+00 -3.615281e-01 9.323146e-01 -9.323891e-03 -1.517858e+00 1.368040e-02 1.530361e-02 9.997893e-01 1.377661e-01
9.141990e-01 4.048637e-01 -1.804478e-02 8.752131e+00 -4.050739e-01 9.142297e-01 -9.962263e-03 -1.905453e+00 1.246372e-02 1.641696e-02 9.997875e-01 1.732763e-01
8.942452e-01 4.472378e-01 -1.743176e-02 9.614175e+00 -4.474381e-01 8.942602e-01 -9.888791e-03 -2.332738e+00 1.116589e-02 1.664264e-02 9.997992e-01 2.085757e-01
8.716312e-01 4.898484e-01 -1.753915e-02 1.050530e+01 -4.900529e-01 8.716346e-01 -1.006727e-02 -2.799119e+00 1.035629e-02 1.737006e-02 9.997955e-01 2.163535e-01
8.476458e-01 5.302646e-01 -1.778063e-02 1.129726e+01 -5.304766e-01 8.476356e-01 -1.041196e-02 -3.289655e+00 9.550399e-03 1.825786e-02 9.997877e-01 2.363772e-01
8.221292e-01 5.689650e-01 -1.955528e-02 1.212995e+01 -5.692269e-01 8.220912e-01 -1.211548e-02 -3.833539e+00 9.182939e-03 2.109188e-02 9.997354e-01 2.856381e-01
7.943132e-01 6.071537e-01 -2.075764e-02 1.295934e+01 -6.074369e-01 7.942802e-01 -1.180689e-02 -4.417426e+00 9.318786e-03 2.198733e-02 9.997148e-01 2.693373e-01
7.654514e-01 6.430813e-01 -2.303534e-02 1.366141e+01 -6.434426e-01 7.653514e-01 -1.479519e-02 -5.037809e+00 8.115615e-03 2.614692e-02 9.996252e-01 3.086741e-01
7.346255e-01 6.780761e-01 -2.319992e-02 1.436759e+01 -6.784347e-01 7.345171e-01 -1.452249e-02 -5.679378e+00 7.193384e-03 2.640822e-02 9.996254e-01 3.302224e-01
7.013781e-01 7.123531e-01 -2.493516e-02 1.509390e+01 -7.127475e-01 7.012867e-01 -1.370553e-02 -6.358360e+00 7.723519e-03 2.738524e-02 9.995951e-01 3.207926e-01
6.672808e-01 7.442667e-01 -2.834470e-02 1.573083e+01 -7.447637e-01 6.671659e-01 -1.471894e-02 -7.057831e+00 7.955799e-03 3.093177e-02 9.994898e-01 3.611422e-01
6.315110e-01 7.748088e-01 -2.941451e-02 1.635930e+01 -7.753272e-01 6.314082e-01 -1.383826e-02 -7.815564e+00 7.850557e-03 3.154488e-02 9.994715e-01 3.742297e-01
5.952420e-01 8.029003e-01 -3.221989e-02 1.690109e+01 -8.035023e-01 5.951511e-01 -1.338564e-02 -8.543162e+00 8.428371e-03 3.385646e-02 9.993912e-01 4.033626e-01
5.573505e-01 8.294539e-01 -3.696740e-02 1.744540e+01 -8.302115e-01 5.573143e-01 -1.223398e-02 -9.323110e+00 1.045494e-02 3.750938e-02 9.992416e-01 4.206315e-01
5.187430e-01 8.540267e-01 -3.929539e-02 1.795958e+01 -8.548627e-01 5.187315e-01 -1.128721e-02 -1.018289e+01 1.074418e-02 3.944733e-02 9.991639e-01 4.225630e-01
4.812385e-01 8.755575e-01 -4.252778e-02 1.841968e+01 -8.765467e-01 4.811288e-01 -1.345354e-02 -1.100572e+01 8.681988e-03 4.375194e-02 9.990047e-01 4.351218e-01
4.448897e-01 8.944000e-01 -4.606369e-02 1.885955e+01 -8.955543e-01 4.447136e-01 -1.456857e-02 -1.185211e+01 7.455021e-03 4.773394e-02 9.988323e-01 4.668991e-01
4.093785e-01 9.111315e-01 -4.741876e-02 1.928325e+01 -9.123336e-01 4.092400e-01 -1.303862e-02 -1.276249e+01 7.525752e-03 4.859946e-02 9.987900e-01 4.863785e-01
3.769092e-01 9.250184e-01 -4.775429e-02 1.964893e+01 -9.262345e-01 3.767016e-01 -1.361951e-02 -1.363598e+01 5.390817e-03 4.936499e-02 9.987663e-01 4.940179e-01
3.437228e-01 9.377984e-01 -4.887443e-02 2.000097e+01 -9.390678e-01 3.433938e-01 -1.523967e-02 -1.458534e+01 2.491441e-03 5.113463e-02 9.986887e-01 4.898981e-01
3.114417e-01 9.489652e-01 -4.969041e-02 2.030986e+01 -9.502651e-01 3.110501e-01 -1.562545e-02 -1.552200e+01 6.281948e-04 5.208548e-02 9.986424e-01 5.129878e-01
2.792605e-01 9.590441e-01 -4.741234e-02 2.062217e+01 -9.602152e-01 2.789494e-01 -1.319157e-02 -1.647657e+01 5.743515e-04 4.920994e-02 9.987883e-01 5.332228e-01
2.476993e-01 9.676749e-01 -4.743840e-02 2.088928e+01 -9.688368e-01 2.474299e-01 -1.156144e-02 -1.744606e+01 5.499663e-04 4.882383e-02 9.988073e-01 5.164453e-01
2.175361e-01 9.748360e-01 -4.871089e-02 2.110281e+01 -9.760520e-01 2.172284e-01 -1.158872e-02 -1.841625e+01 -7.157158e-04 5.006533e-02 9.987457e-01 5.233723e-01
1.872165e-01 9.810511e-01 -4.988713e-02 2.130919e+01 -9.823147e-01 1.868301e-01 -1.234059e-02 -1.942799e+01 -2.786328e-03 5.131522e-02 9.986786e-01 5.307201e-01
1.564585e-01 9.864750e-01 -4.886507e-02 2.149291e+01 -9.876718e-01 1.560142e-01 -1.280240e-02 -2.049885e+01 -5.005602e-03 5.026570e-02 9.987233e-01 5.310747e-01
1.273310e-01 9.906382e-01 -4.922153e-02 2.163860e+01 -9.918365e-01 1.268271e-01 -1.324122e-02 -2.152597e+01 -6.874633e-03 5.050573e-02 9.987001e-01 5.251337e-01
9.960988e-02 9.936997e-01 -5.136968e-02 2.174255e+01 -9.949931e-01 9.905015e-02 -1.333553e-02 -2.260932e+01 -8.163333e-03 5.244083e-02 9.985907e-01 5.158503e-01
7.467696e-02 9.956608e-01 -5.552398e-02 2.183614e+01 -9.971663e-01 7.405000e-02 -1.326742e-02 -2.367017e+01 -9.098304e-03 5.635742e-02 9.983692e-01 5.165022e-01
5.183350e-02 9.968602e-01 -5.985802e-02 2.188384e+01 -9.986047e-01 5.113151e-02 -1.320133e-02 -2.475767e+01 -1.009925e-02 6.045877e-02 9.981196e-01 4.969303e-01
3.101261e-02 9.973672e-01 -6.555098e-02 2.192661e+01 -9.994469e-01 3.015573e-02 -1.402138e-02 -2.589507e+01 -1.200773e-02 6.594956e-02 9.977507e-01 5.058451e-01
1.378076e-02 9.974374e-01 -7.020471e-02 2.196553e+01 -9.998103e-01 1.277873e-02 -1.470221e-02 -2.700596e+01 -1.376741e-02 7.039399e-02 9.974243e-01 4.920909e-01
-2.096439e-03 9.973282e-01 -7.302163e-02 2.195832e+01 -9.998788e-01 -3.216884e-03 -1.522978e-02 -2.812613e+01 -1.542399e-02 7.298085e-02 9.972141e-01 4.794664e-01
-1.677071e-02 9.969985e-01 -7.558302e-02 2.192785e+01 -9.997103e-01 -1.802529e-02 -1.594724e-02 -2.927973e+01 -1.726178e-02 7.529368e-02 9.970120e-01 4.725292e-01
-2.977324e-02 9.966540e-01 -7.612095e-02 2.191541e+01 -9.993717e-01 -3.114645e-02 -1.691644e-02 -3.042019e+01 -1.923073e-02 7.556947e-02 9.969551e-01 4.554336e-01
-4.213623e-02 9.961819e-01 -7.646071e-02 2.187742e+01 -9.989069e-01 -4.355431e-02 -1.697410e-02 -3.156370e+01 -2.023948e-02 7.566190e-02 9.969281e-01 4.424049e-01
-5.403598e-02 9.956147e-01 -7.636422e-02 2.181947e+01 -9.983609e-01 -5.531222e-02 -1.469604e-02 -3.274295e+01 -1.885547e-02 7.544494e-02 9.969717e-01 4.223138e-01
-6.416600e-02 9.949773e-01 -7.683085e-02 2.174717e+01 -9.978032e-01 -6.523798e-02 -1.152228e-02 -3.390091e+01 -1.647669e-02 7.592274e-02 9.969776e-01 4.073299e-01
-7.412572e-02 9.942437e-01 -7.736214e-02 2.167705e+01 -9.971361e-01 -7.506088e-02 -9.247157e-03 -3.511016e+01 -1.500080e-02 7.645513e-02 9.969602e-01 3.897661e-01
-8.154071e-02 9.936692e-01 -7.728338e-02 2.158787e+01 -9.965649e-01 -8.241278e-02 -8.157280e-03 -3.634440e+01 -1.447478e-02 7.635275e-02 9.969758e-01 3.674768e-01
-8.765196e-02 9.931498e-01 -7.726975e-02 2.147102e+01 -9.960503e-01 -8.848287e-02 -7.389499e-03 -3.759137e+01 -1.417593e-02 7.631685e-02 9.969828e-01 3.412634e-01
-9.304189e-02 9.926244e-01 -7.771786e-02 2.135810e+01 -9.955697e-01 -9.381323e-02 -6.325589e-03 -3.887003e+01 -1.356990e-02 7.678501e-02 9.969553e-01 3.329641e-01
-9.759359e-02 9.922436e-01 -7.699494e-02 2.125661e+01 -9.951512e-01 -9.824458e-02 -4.703841e-03 -4.014055e+01 -1.223169e-02 7.616254e-02 9.970204e-01 3.130321e-01
-1.017006e-01 9.918294e-01 -7.701600e-02 2.112574e+01 -9.947443e-01 -1.023114e-01 -4.016751e-03 -4.145679e+01 -1.186354e-02 7.620272e-02 9.970218e-01 3.049778e-01
-1.046299e-01 9.915056e-01 -7.726105e-02 2.097755e+01 -9.944265e-01 -1.053187e-01 -4.882993e-03 -4.280503e+01 -1.297854e-02 7.631953e-02 9.969989e-01 2.871652e-01
-1.067314e-01 9.912210e-01 -7.803468e-02 2.084362e+01 -9.941696e-01 -1.076002e-01 -7.003333e-03 -4.417608e+01 -1.533840e-02 7.683223e-02 9.969260e-01 2.693790e-01
-1.090148e-01 9.909061e-01 -7.887188e-02 2.070752e+01 -9.939059e-01 -1.099605e-01 -7.734157e-03 -4.554473e+01 -1.633661e-02 7.754808e-02 9.968548e-01 2.422858e-01
-1.109082e-01 9.906144e-01 -7.989040e-02 2.053332e+01 -9.936898e-01 -1.118870e-01 -7.868017e-03 -4.696541e+01 -1.673287e-02 7.851365e-02 9.967726e-01 2.328310e-01
-1.119073e-01 9.904380e-01 -8.068077e-02 2.039388e+01 -9.935815e-01 -1.128714e-01 -7.474552e-03 -4.837553e+01 -1.650963e-02 7.932646e-02 9.967120e-01 1.821492e-01
-1.131193e-01 9.902243e-01 -8.160781e-02 2.022797e+01 -9.934492e-01 -1.140620e-01 -6.968283e-03 -4.981688e+01 -1.620851e-02 8.028496e-02 9.966402e-01 1.793223e-01
-1.129380e-01 9.902267e-01 -8.182934e-02 2.007572e+01 -9.934801e-01 -1.138305e-01 -6.310329e-03 -5.128144e+01 -1.556333e-02 8.058315e-02 9.966264e-01 1.373445e-01
-1.120863e-01 9.903571e-01 -8.142208e-02 1.989650e+01 -9.935918e-01 -1.128983e-01 -5.422583e-03 -5.277497e+01 -1.456270e-02 8.029251e-02 9.966650e-01 1.343751e-01
-1.108498e-01 9.905055e-01 -8.130895e-02 1.972443e+01 -9.937282e-01 -1.116777e-01 -5.691512e-03 -5.426959e+01 -1.471787e-02 8.016809e-02 9.966727e-01 1.086915e-01
-1.096100e-01 9.906198e-01 -8.159630e-02 1.958393e+01 -9.938597e-01 -1.104758e-01 -6.159186e-03 -5.578829e+01 -1.511583e-02 8.042017e-02 9.966464e-01 7.878540e-02
-1.086438e-01 9.907139e-01 -8.174666e-02 1.940994e+01 -9.939684e-01 -1.095000e-01 -6.050963e-03 -5.733936e+01 -1.494603e-02 8.059620e-02 9.966348e-01 6.834090e-02
-1.075494e-01 9.908539e-01 -8.149661e-02 1.923640e+01 -9.940998e-01 -1.083388e-01 -5.314259e-03 -5.891248e+01 -1.409490e-02 8.044422e-02 9.966595e-01 3.812954e-02
-1.068655e-01 9.908409e-01 -8.254694e-02 1.906878e+01 -9.941786e-01 -1.076333e-01 -4.895602e-03 -6.047393e+01 -1.373556e-02 8.154323e-02 9.965752e-01 2.061647e-02
-1.056465e-01 9.910312e-01 -8.182872e-02 1.889857e+01 -9.943083e-01 -1.064181e-01 -5.114061e-03 -6.212157e+01 -1.377625e-02 8.082269e-02 9.966333e-01 -7.178503e-03
-1.043849e-01 9.910674e-01 -8.300110e-02 1.872193e+01 -9.944168e-01 -1.053055e-01 -6.780520e-03 -6.374430e+01 -1.546043e-02 8.182991e-02 9.965264e-01 -2.882862e-02
-1.041365e-01 9.908690e-01 -8.564049e-02 1.858056e+01 -9.944137e-01 -1.052260e-01 -8.295150e-03 -6.538742e+01 -1.723101e-02 8.429825e-02 9.962916e-01 -5.679956e-02
-1.032300e-01 9.907852e-01 -8.768257e-02 1.838778e+01 -9.945127e-01 -1.043175e-01 -7.899443e-03 -6.703703e+01 -1.697348e-02 8.638597e-02 9.961171e-01 -8.230770e-02
-1.026092e-01 9.908265e-01 -8.794457e-02 1.823294e+01 -9.945937e-01 -1.036128e-01 -6.912088e-03 -6.870132e+01 -1.596086e-02 8.675987e-02 9.961014e-01 -8.150622e-02
-1.017038e-01 9.909035e-01 -8.812805e-02 1.806002e+01 -9.946900e-01 -1.026941e-01 -6.765798e-03 -7.038570e+01 -1.575449e-02 8.697198e-02 9.960862e-01 -1.212739e-01
-1.017584e-01 9.908881e-01 -8.823822e-02 1.788528e+01 -9.946737e-01 -1.028069e-01 -7.408186e-03 -7.209314e+01 -1.641218e-02 8.701440e-02 9.960719e-01 -1.254357e-01
-1.015773e-01 9.909039e-01 -8.826908e-02 1.771931e+01 -9.946855e-01 -1.026621e-01 -7.826027e-03 -7.382729e+01 -1.681673e-02 8.700503e-02 9.960659e-01 -1.695117e-01
-1.014211e-01 9.907896e-01 -8.971987e-02 1.753914e+01 -9.946891e-01 -1.025813e-01 -8.404286e-03 -7.556801e+01 -1.753046e-02 8.839101e-02 9.959316e-01 -1.849120e-01
-1.010573e-01 9.907572e-01 -9.048581e-02 1.737559e+01 -9.947232e-01 -1.022406e-01 -8.526595e-03 -7.730992e+01 -1.769911e-02 8.914666e-02 9.958612e-01 -2.190225e-01
-1.007555e-01 9.907751e-01 -9.062623e-02 1.719227e+01 -9.947652e-01 -1.018822e-01 -7.882054e-03 -7.906234e+01 -1.704254e-02 8.935766e-02 9.958538e-01 -2.379093e-01
-1.019778e-01 9.906841e-01 -9.025285e-02 1.702739e+01 -9.946519e-01 -1.030368e-01 -7.141119e-03 -8.086950e+01 -1.637395e-02 8.904193e-02 9.958933e-01 -2.687123e-01
-1.027788e-01 9.906789e-01 -8.939726e-02 1.684412e+01 -9.945768e-01 -1.037883e-01 -6.705278e-03 -8.265986e+01 -1.592117e-02 8.822328e-02 9.959735e-01 -2.967527e-01
-1.040993e-01 9.906211e-01 -8.850496e-02 1.665965e+01 -9.944436e-01 -1.050748e-01 -6.423214e-03 -8.447003e+01 -1.566261e-02 8.734454e-02 9.960550e-01 -3.107387e-01
-1.050266e-01 9.906023e-01 -8.761560e-02 1.649827e+01 -9.943379e-01 -1.060372e-01 -6.948342e-03 -8.627845e+01 -1.617356e-02 8.638975e-02 9.961301e-01 -3.416628e-01
-1.056197e-01 9.905281e-01 -8.774195e-02 1.629189e+01 -9.942619e-01 -1.066975e-01 -7.673305e-03 -8.812439e+01 -1.696247e-02 8.642803e-02 9.961137e-01 -3.569013e-01
-1.059204e-01 9.906731e-01 -8.571914e-02 1.612236e+01 -9.942188e-01 -1.070357e-01 -8.508305e-03 -8.996201e+01 -1.760395e-02 8.432237e-02 9.962830e-01 -3.937230e-01
-1.082119e-01 9.904181e-01 -8.580296e-02 1.592946e+01 -9.939809e-01 -1.092763e-01 -7.792678e-03 -9.185937e+01 -1.709424e-02 8.444324e-02 9.962817e-01 -4.131822e-01
-1.102613e-01 9.902365e-01 -8.528798e-02 1.572996e+01 -9.937635e-01 -1.112749e-01 -7.208335e-03 -9.372041e+01 -1.662837e-02 8.396128e-02 9.963303e-01 -4.540471e-01
-1.150299e-01 9.897129e-01 -8.506768e-02 1.552365e+01 -9.932253e-01 -1.160126e-01 -6.683711e-03 -9.563196e+01 -1.648388e-02 8.372254e-02 9.963528e-01 -4.752770e-01
-1.195568e-01 9.892720e-01 -8.394649e-02 1.531116e+01 -9.926783e-01 -1.205757e-01 -7.155870e-03 -9.753254e+01 -1.720101e-02 8.247633e-02 9.964446e-01 -4.980166e-01
-1.238729e-01 9.889097e-01 -8.193380e-02 1.507457e+01 -9.921332e-01 -1.249345e-01 -7.939219e-03 -9.944946e+01 -1.808753e-02 8.030579e-02 9.966062e-01 -5.371481e-01
-1.293172e-01 9.883055e-01 -8.080351e-02 1.484520e+01 -9.914446e-01 -1.303242e-01 -7.292248e-03 -1.013818e+02 -1.773762e-02 7.916920e-02 9.967034e-01 -5.617742e-01
-1.335913e-01 9.877281e-01 -8.091035e-02 1.459894e+01 -9.908907e-01 -1.345260e-01 -6.189006e-03 -1.032876e+02 -1.699760e-02 7.934652e-02 9.967022e-01 -5.803102e-01
-1.386223e-01 9.870671e-01 -8.051310e-02 1.434640e+01 -9.902208e-01 -1.394352e-01 -4.536348e-03 -1.052521e+02 -1.570404e-02 7.909690e-02 9.967432e-01 -5.971676e-01
-1.438199e-01 9.864222e-01 -7.929141e-02 1.408358e+01 -9.894810e-01 -1.446023e-01 -4.184749e-03 -1.072310e+02 -1.559365e-02 7.785549e-02 9.968427e-01 -6.269333e-01
-1.487721e-01 9.857861e-01 -7.805465e-02 1.379897e+01 -9.887372e-01 -1.495888e-01 -4.690116e-03 -1.091587e+02 -1.629956e-02 7.647778e-02 9.969380e-01 -6.442190e-01
-1.546541e-01 9.850242e-01 -7.621966e-02 1.351480e+01 -9.878194e-01 -1.555112e-01 -5.404770e-03 -1.111399e+02 -1.717684e-02 7.445538e-02 9.970764e-01 -6.790185e-01
-1.599941e-01 9.841967e-01 -7.588697e-02 1.320144e+01 -9.869552e-01 -1.608904e-01 -5.809058e-03 -1.131279e+02 -1.792674e-02 7.396762e-02 9.970995e-01 -6.986922e-01
-1.653727e-01 9.833021e-01 -7.595360e-02 1.288891e+01 -9.860499e-01 -1.663276e-01 -6.379036e-03 -1.151089e+02 -1.890570e-02 7.383912e-02 9.970909e-01 -7.362138e-01
-1.712180e-01 9.822723e-01 -7.632471e-02 1.255504e+01 -9.850649e-01 -1.721059e-01 -5.161961e-03 -1.171071e+02 -1.820639e-02 7.430098e-02 9.970697e-01 -7.567849e-01
-1.770116e-01 9.812878e-01 -7.577026e-02 1.221844e+01 -9.840464e-01 -1.778556e-01 -4.486198e-03 -1.190929e+02 -1.787841e-02 7.376734e-02 9.971152e-01 -7.881503e-01
-1.829855e-01 9.801558e-01 -7.622889e-02 1.184947e+01 -9.829372e-01 -1.838786e-01 -4.806343e-03 -1.210913e+02 -1.872783e-02 7.404872e-02 9.970788e-01 -8.027778e-01
-1.892234e-01 9.790070e-01 -7.576138e-02 1.148277e+01 -9.817465e-01 -1.901312e-01 -4.889084e-03 -1.231264e+02 -1.919105e-02 7.345334e-02 9.971140e-01 -8.427676e-01
-1.939656e-01 9.781162e-01 -7.527334e-02 1.108129e+01 -9.808262e-01 -1.948365e-01 -4.332755e-03 -1.251715e+02 -1.890393e-02 7.298966e-02 9.971535e-01 -8.686202e-01
-1.995760e-01 9.770837e-01 -7.400634e-02 1.068692e+01 -9.796989e-01 -2.004300e-01 -4.222989e-03 -1.272043e+02 -1.895930e-02 7.166113e-02 9.972488e-01 -8.983999e-01
-2.034917e-01 9.761860e-01 -7.518028e-02 1.028665e+01 -9.788705e-01 -2.044239e-01 -4.838151e-03 -1.292430e+02 -2.009158e-02 7.260724e-02 9.971582e-01 -9.294234e-01
-2.077344e-01 9.751131e-01 -7.746457e-02 9.860966e+00 -9.779493e-01 -2.087714e-01 -5.447103e-03 -1.312721e+02 -2.148393e-02 7.462488e-02 9.969802e-01 -9.664773e-01
-2.112909e-01 9.742816e-01 -7.830369e-02 9.432006e+00 -9.771853e-01 -2.123281e-01 -5.070292e-03 -1.333185e+02 -2.156597e-02 7.544591e-02 9.969167e-01 -9.935245e-01
-2.146240e-01 9.735425e-01 -7.843152e-02 9.004383e+00 -9.764531e-01 -2.156710e-01 -5.032234e-03 -1.353661e+02 -2.181450e-02 7.550466e-02 9.969068e-01 -1.027347e+00
-2.177647e-01 9.729148e-01 -7.755880e-02 8.540343e+00 -9.757494e-01 -2.188254e-01 -5.346289e-03 -1.374289e+02 -2.217332e-02 7.451372e-02 9.969734e-01 -1.071648e+00
-2.218985e-01 9.720415e-01 -7.678722e-02 8.081379e+00 -9.748225e-01 -2.229267e-01 -4.978788e-03 -1.395259e+02 -2.195751e-02 7.374913e-02 9.970351e-01 -1.103140e+00
-2.262796e-01 9.711586e-01 -7.515676e-02 7.623446e+00 -9.738214e-01 -2.272656e-01 -4.723501e-03 -1.415662e+02 -2.166781e-02 7.212043e-02 9.971605e-01 -1.132609e+00
-2.312769e-01 9.700084e-01 -7.479818e-02 7.167087e+00 -9.726347e-01 -2.322864e-01 -4.970597e-03 -1.436912e+02 -2.219612e-02 7.160173e-02 9.971863e-01 -1.178828e+00
-2.358410e-01 9.688944e-01 -7.498482e-02 6.664867e+00 -9.715336e-01 -2.368536e-01 -4.783565e-03 -1.457979e+02 -2.239520e-02 7.172211e-02 9.971732e-01 -1.210664e+00
-2.404232e-01 9.677975e-01 -7.459724e-02 6.171898e+00 -9.704173e-01 -2.413973e-01 -4.193516e-03 -1.478990e+02 -2.206605e-02 7.138223e-02 9.972049e-01 -1.250866e+00
-2.450295e-01 9.666770e-01 -7.413548e-02 5.654211e+00 -9.692556e-01 -2.460174e-01 -4.359611e-03 -1.500293e+02 -2.245296e-02 7.078799e-02 9.972386e-01 -1.282100e+00
-2.487357e-01 9.657179e-01 -7.429297e-02 5.117692e+00 -9.682903e-01 -2.497788e-01 -4.946404e-03 -1.521240e+02 -2.333364e-02 7.070681e-02 9.972242e-01 -1.326960e+00
-2.530215e-01 9.645902e-01 -7.447038e-02 4.597623e+00 -9.671637e-01 -2.541005e-01 -5.232325e-03 -1.542380e+02 -2.397001e-02 7.070115e-02 9.972095e-01 -1.361657e+00
-2.573665e-01 9.633688e-01 -7.538627e-02 4.038779e+00 -9.660109e-01 -2.584550e-01 -4.889589e-03 -1.563893e+02 -2.419444e-02 7.156554e-02 9.971424e-01 -1.402800e+00
-2.609062e-01 9.624059e-01 -7.551676e-02 3.483290e+00 -9.650708e-01 -2.619561e-01 -4.173116e-03 -1.585131e+02 -2.379831e-02 7.179023e-02 9.971358e-01 -1.446304e+00
-2.645546e-01 9.614219e-01 -7.535810e-02 2.912493e+00 -9.641077e-01 -2.654986e-01 -2.614742e-03 -1.606628e+02 -2.252134e-02 7.196158e-02 9.971531e-01 -1.483119e+00
-2.682767e-01 9.603608e-01 -7.572753e-02 2.332449e+00 -9.630886e-01 -2.691788e-01 -1.776051e-03 -1.628320e+02 -2.208989e-02 7.245585e-02 9.971270e-01 -1.522056e+00
-2.713492e-01 9.595331e-01 -7.527215e-02 1.734441e+00 -9.622380e-01 -2.722071e-01 -1.185238e-03 -1.649653e+02 -2.162689e-02 7.210811e-02 9.971623e-01 -1.554535e+00
-2.750178e-01 9.585211e-01 -7.485048e-02 1.141923e+00 -9.611867e-01 -2.758950e-01 -1.439186e-03 -1.671483e+02 -2.203036e-02 7.154949e-02 9.971937e-01 -1.592489e+00
-2.788422e-01 9.573786e-01 -7.532133e-02 5.288802e-01 -9.600755e-01 -2.797376e-01 -1.397560e-03 -1.692844e+02 -2.240820e-02 7.192446e-02 9.971583e-01 -1.631417e+00
-2.826796e-01 9.561984e-01 -7.600500e-02 -9.873115e-02 -9.589378e-01 -2.836121e-01 -1.542855e-03 -1.714469e+02 -2.303121e-02 7.244794e-02 9.971062e-01 -1.674465e+00
-2.864989e-01 9.548598e-01 -7.849349e-02 -7.327434e-01 -9.577863e-01 -2.874785e-01 -1.235133e-03 -1.736239e+02 -2.374457e-02 7.482612e-02 9.969139e-01 -1.712314e+00
-2.890723e-01 9.539623e-01 -7.995727e-02 -1.367823e+00 -9.569878e-01 -2.901237e-01 -1.606323e-03 -1.757750e+02 -2.472987e-02 7.605379e-02 9.967970e-01 -1.758744e+00
-2.916019e-01 9.531795e-01 -8.010769e-02 -2.035301e+00 -9.562000e-01 -2.927064e-01 -2.146665e-03 -1.779695e+02 -2.549419e-02 7.597300e-02 9.967839e-01 -1.802475e+00
-2.946614e-01 9.523463e-01 -7.881148e-02 -2.701463e+00 -9.552699e-01 -2.957289e-01 -1.967882e-03 -1.801970e+02 -2.518093e-02 7.470637e-02 9.968876e-01 -1.854576e+00
-2.974637e-01 9.515794e-01 -7.753642e-02 -3.362516e+00 -9.544453e-01 -2.983856e-01 -3.194139e-04 -1.823910e+02 -2.343970e-02 7.390926e-02 9.969895e-01 -1.897527e+00
-3.014033e-01 9.504395e-01 -7.629447e-02 -4.037143e+00 -9.532342e-01 -3.022317e-01 7.214942e-04 -1.845872e+02 -2.237287e-02 7.294396e-02 9.970851e-01 -1.928141e+00
-3.046025e-01 9.494896e-01 -7.541136e-02 -4.718200e+00 -9.522414e-01 -3.053409e-01 1.817103e-03 -1.868153e+02 -2.130086e-02 7.236331e-02 9.971509e-01 -1.980705e+00
-3.075741e-01 9.486928e-01 -7.334960e-02 -5.413500e+00 -9.513079e-01 -3.082326e-01 2.449924e-03 -1.890328e+02 -2.028451e-02 7.053159e-02 9.973033e-01 -2.012118e+00
-3.117886e-01 9.472317e-01 -7.443121e-02 -6.128436e+00 -9.499278e-01 -3.124569e-01 2.789468e-03 -1.912540e+02 -2.061427e-02 7.157401e-02 9.972222e-01 -2.041291e+00
-3.152143e-01 9.461375e-01 -7.391715e-02 -6.848706e+00 -9.487728e-01 -3.159541e-01 1.768529e-03 -1.934648e+02 -2.168116e-02 7.068805e-02 9.972628e-01 -2.095834e+00
-3.186777e-01 9.449374e-01 -7.441620e-02 -7.594013e+00 -9.475898e-01 -3.194878e-01 1.070819e-03 -1.956901e+02 -2.276321e-02 7.085728e-02 9.972267e-01 -2.126983e+00
-3.232548e-01 9.433729e-01 -7.452493e-02 -8.343923e+00 -9.460179e-01 -3.241138e-01 5.993368e-04 -1.979637e+02 -2.358916e-02 7.069565e-02 9.972190e-01 -2.167941e+00
-3.266879e-01 9.422345e-01 -7.395343e-02 -9.087396e+00 -9.448426e-01 -3.275234e-01 8.762902e-04 -2.001735e+02 -2.339581e-02 7.016063e-02 9.972613e-01 -2.217584e+00
-3.303537e-01 9.410448e-01 -7.280913e-02 -9.853155e+00 -9.435790e-01 -3.311452e-01 1.269324e-03 -2.024166e+02 -2.291590e-02 6.912049e-02 9.973451e-01 -2.258620e+00
-3.343342e-01 9.396782e-01 -7.228710e-02 -1.063373e+01 -9.421688e-01 -3.351370e-01 1.083261e-03 -2.046471e+02 -2.320817e-02 6.846882e-02 9.973833e-01 -2.298616e+00
-3.365423e-01 9.387919e-01 -7.354582e-02 -1.143158e+01 -9.413795e-01 -3.373457e-01 1.584534e-03 -2.068878e+02 -2.332282e-02 6.976779e-02 9.972906e-01 -2.327480e+00
-3.399117e-01 9.374855e-01 -7.470663e-02 -1.222009e+01 -9.401480e-01 -3.407633e-01 1.427967e-03 -2.091285e+02 -2.411858e-02 7.072068e-02 9.972045e-01 -2.372453e+00
-3.422196e-01 9.365322e-01 -7.611272e-02 -1.303513e+01 -9.392804e-01 -3.431495e-01 9.138393e-04 -2.113637e+02 -2.526220e-02 7.180392e-02 9.970988e-01 -2.419284e+00
-3.444592e-01 9.356163e-01 -7.726634e-02 -1.385370e+01 -9.384480e-01 -3.454190e-01 1.001765e-03 -2.136139e+02 -2.575199e-02 7.285551e-02 9.970100e-01 -2.463715e+00
-3.474578e-01 9.345316e-01 -7.696651e-02 -1.466900e+01 -9.373516e-01 -3.483816e-01 1.513692e-03 -2.158693e+02 -2.539912e-02 7.267062e-02 9.970325e-01 -2.503204e+00
-3.502081e-01 9.335268e-01 -7.669404e-02 -1.549125e+01 -9.363315e-01 -3.511127e-01 1.795765e-03 -2.180905e+02 -2.525186e-02 7.243994e-02 9.970531e-01 -2.555412e+00
-3.529499e-01 9.325538e-01 -7.595964e-02 -1.632132e+01 -9.353218e-01 -3.537887e-01 2.563157e-03 -2.203604e+02 -2.448338e-02 7.195137e-02 9.971076e-01 -2.593118e+00
-3.567179e-01 9.311722e-01 -7.530418e-02 -1.716705e+01 -9.339116e-01 -3.574873e-01 3.462638e-03 -2.226149e+02 -2.369597e-02 7.156263e-02 9.971546e-01 -2.630168e+00
-3.585679e-01 9.306064e-01 -7.348999e-02 -1.799974e+01 -9.332209e-01 -3.592841e-01 3.687588e-03 -2.248491e+02 -2.297209e-02 6.990465e-02 9.972891e-01 -2.671023e+00
-3.615316e-01 9.294698e-01 -7.335339e-02 -1.885167e+01 -9.320829e-01 -3.622214e-01 4.138718e-03 -2.271049e+02 -2.272336e-02 6.986772e-02 9.972974e-01 -2.709516e+00
-3.644233e-01 9.281542e-01 -7.566672e-02 -1.974294e+01 -9.309222e-01 -3.651974e-01 3.835530e-03 -2.293757e+02 -2.407333e-02 7.183759e-02 9.971258e-01 -2.736397e+00
-3.666147e-01 9.272438e-01 -7.624044e-02 -2.060495e+01 -9.300194e-01 -3.675015e-01 2.561653e-03 -2.315976e+02 -2.564320e-02 7.184423e-02 9.970862e-01 -2.783842e+00
-3.699923e-01 9.259604e-01 -7.551895e-02 -2.147610e+01 -9.286675e-01 -3.709078e-01 2.036989e-03 -2.338614e+02 -2.612440e-02 7.088566e-02 9.971423e-01 -2.829542e+00
-3.726186e-01 9.249931e-01 -7.445247e-02 -2.235616e+01 -9.276159e-01 -3.735313e-01 1.787170e-03 -2.360944e+02 -2.615720e-02 6.972923e-02 9.972230e-01 -2.862560e+00
-3.759959e-01 9.237217e-01 -7.324844e-02 -2.324656e+01 -9.262436e-01 -3.769234e-01 1.248703e-03 -2.383379e+02 -2.645560e-02 6.831541e-02 9.973129e-01 -2.917677e+00
-3.799033e-01 9.221869e-01 -7.242093e-02 -2.412682e+01 -9.246237e-01 -3.808818e-01 3.231670e-04 -2.405813e+02 -2.728579e-02 6.708488e-02 9.973741e-01 -2.963571e+00
-3.830506e-01 9.209232e-01 -7.192135e-02 -2.504294e+01 -9.233181e-01 -3.840359e-01 1.391442e-04 -2.428163e+02 -2.749224e-02 6.645959e-02 9.974103e-01 -3.004735e+00
-3.868014e-01 9.194038e-01 -7.128335e-02 -2.595623e+01 -9.217413e-01 -3.878052e-01 -2.635127e-04 -2.450162e+02 -2.788633e-02 6.560288e-02 9.974561e-01 -3.061488e+00
-3.907730e-01 9.177668e-01 -7.071418e-02 -2.688864e+01 -9.200431e-01 -3.918160e-01 -9.572704e-04 -2.472764e+02 -2.858550e-02 6.468602e-02 9.974962e-01 -3.099808e+00
-3.944696e-01 9.162339e-01 -7.006512e-02 -2.781736e+01 -9.184587e-01 -3.955152e-01 -1.147248e-03 -2.494761e+02 -2.876297e-02 6.389937e-02 9.975418e-01 -3.156758e+00
-3.986505e-01 9.144537e-01 -6.965735e-02 -2.876155e+01 -9.166526e-01 -3.996836e-01 -9.778921e-04 -2.516925e+02 -2.873514e-02 6.346175e-02 9.975705e-01 -3.204683e+00
-4.027365e-01 9.126349e-01 -7.000573e-02 -2.970528e+01 -9.148530e-01 -4.037859e-01 -9.196468e-04 -2.539320e+02 -2.910663e-02 6.367458e-02 9.975462e-01 -3.248082e+00
-4.058152e-01 9.112961e-01 -6.966750e-02 -3.067098e+01 -9.134857e-01 -4.068695e-01 -1.037353e-03 -2.561216e+02 -2.929092e-02 6.321929e-02 9.975697e-01 -3.306079e+00
-4.100770e-01 9.094576e-01 -6.872905e-02 -3.164979e+01 -9.115795e-01 -4.111222e-01 -1.170902e-03 -2.583495e+02 -2.932092e-02 6.217183e-02 9.976347e-01 -3.352235e+00
-4.132019e-01 9.080377e-01 -6.878722e-02 -3.264482e+01 -9.101640e-01 -4.142469e-01 -1.022418e-03 -2.605486e+02 -2.942328e-02 6.218518e-02 9.976308e-01 -3.415967e+00
-4.167061e-01 9.064191e-01 -6.899600e-02 -3.363425e+01 -9.085640e-01 -4.177451e-01 -6.952690e-04 -2.627320e+02 -2.945294e-02 6.239756e-02 9.976167e-01 -3.476657e+00
-4.209219e-01 9.044014e-01 -6.987750e-02 -3.464379e+01 -9.066185e-01 -4.219513e-01 3.194842e-05 -2.649690e+02 -2.945601e-02 6.336568e-02 9.975556e-01 -3.517764e+00
-4.240289e-01 9.028001e-01 -7.177367e-02 -3.564514e+01 -9.051867e-01 -4.250106e-01 1.751108e-03 -2.671591e+02 -2.892367e-02 6.571109e-02 9.974194e-01 -3.568418e+00
-4.271873e-01 9.012484e-01 -7.254183e-02 -3.667270e+01 -9.036985e-01 -4.281633e-01 2.303337e-03 -2.693476e+02 -2.898387e-02 6.653989e-02 9.973627e-01 -3.636796e+00
-4.301797e-01 8.997274e-01 -7.372942e-02 -3.769509e+01 -9.022973e-01 -4.310977e-01 3.792050e-03 -2.715647e+02 -2.837277e-02 6.815712e-02 9.972711e-01 -3.690176e+00
-4.328115e-01 8.983947e-01 -7.457239e-02 -3.875627e+01 -9.010732e-01 -4.336296e-01 5.689771e-03 -2.737677e+02 -2.722514e-02 6.965778e-02 9.971994e-01 -3.744595e+00
-4.361276e-01 8.966915e-01 -7.574352e-02 -3.980898e+01 -8.994700e-01 -4.369350e-01 6.439572e-03 -2.759874e+02 -2.732069e-02 7.093750e-02 9.971065e-01 -3.798778e+00
-4.391574e-01 8.952276e-01 -7.555357e-02 -4.087232e+01 -8.980067e-01 -4.399252e-01 7.056473e-03 -2.782093e+02 -2.692077e-02 7.094652e-02 9.971168e-01 -3.852259e+00
-4.428458e-01 8.934636e-01 -7.490277e-02 -4.194273e+01 -8.962024e-01 -4.435840e-01 7.387183e-03 -2.804379e+02 -2.662549e-02 7.039942e-02 9.971635e-01 -3.922806e+00
-4.466116e-01 8.915776e-01 -7.501619e-02 -4.303309e+01 -8.943391e-01 -4.473173e-01 8.052640e-03 -2.826573e+02 -2.637649e-02 7.068631e-02 9.971498e-01 -3.980290e+00
-4.492613e-01 8.902975e-01 -7.439548e-02 -4.413802e+01 -8.930209e-01 -4.499378e-01 8.350324e-03 -2.849041e+02 -2.603906e-02 7.018819e-02 9.971939e-01 -4.035702e+00
-4.523256e-01 8.888726e-01 -7.284948e-02 -4.523893e+01 -8.914830e-01 -4.529795e-01 8.229747e-03 -2.871597e+02 -2.568412e-02 6.866659e-02 9.973090e-01 -4.103843e+00
-4.554847e-01 8.871583e-01 -7.405331e-02 -4.639665e+01 -8.898496e-01 -4.561799e-01 8.224986e-03 -2.894276e+02 -2.648477e-02 6.964266e-02 9.972204e-01 -4.159814e+00
-4.573737e-01 8.860632e-01 -7.550695e-02 -4.754828e+01 -8.888506e-01 -4.581265e-01 8.050582e-03 -2.916784e+02 -2.745841e-02 7.079652e-02 9.971128e-01 -4.219180e+00
-4.592219e-01 8.850064e-01 -7.667442e-02 -4.869688e+01 -8.878698e-01 -4.600280e-01 7.845338e-03 -2.939463e+02 -2.832920e-02 7.167965e-02 9.970253e-01 -4.274856e+00
-4.618450e-01 8.836377e-01 -7.670486e-02 -4.986751e+01 -8.864867e-01 -4.626956e-01 7.356285e-03 -2.962528e+02 -2.899071e-02 7.139530e-02 9.970267e-01 -4.341845e+00
-4.637964e-01 8.826180e-01 -7.667013e-02 -5.102890e+01 -8.854395e-01 -4.647082e-01 6.571260e-03 -2.984974e+02 -2.982932e-02 7.093448e-02 9.970349e-01 -4.423715e+00
-4.668097e-01 8.809160e-01 -7.794698e-02 -5.222869e+01 -8.838102e-01 -4.678062e-01 6.071392e-03 -3.007784e+02 -3.111569e-02 7.172452e-02 9.969390e-01 -4.491423e+00
-4.686931e-01 8.798308e-01 -7.889594e-02 -5.342332e+01 -8.827828e-01 -4.697456e-01 5.799436e-03 -3.030793e+02 -3.195850e-02 7.236613e-02 9.968660e-01 -4.561378e+00
-4.708849e-01 8.787235e-01 -7.818197e-02 -5.462999e+01 -8.816421e-01 -4.718744e-01 6.457643e-03 -3.053840e+02 -3.121759e-02 7.196932e-02 9.969182e-01 -4.640176e+00
-4.740161e-01 8.772080e-01 -7.625552e-02 -5.584246e+01 -8.800242e-01 -4.748660e-01 7.728166e-03 -3.076732e+02 -2.943195e-02 7.076997e-02 9.970584e-01 -4.699007e+00
-4.767970e-01 8.758222e-01 -7.483327e-02 -5.707186e+01 -8.785255e-01 -4.776385e-01 7.375165e-03 -3.099942e+02 -2.928392e-02 6.925940e-02 9.971688e-01 -4.769531e+00
-4.810341e-01 8.735949e-01 -7.374372e-02 -5.831433e+01 -8.761562e-01 -4.819983e-01 5.285322e-03 -3.123028e+02 -3.092712e-02 6.715344e-02 9.972632e-01 -4.846540e+00
-4.865132e-01 8.706666e-01 -7.241909e-02 -5.957304e+01 -8.730686e-01 -4.875868e-01 3.229671e-03 -3.146352e+02 -3.249862e-02 6.479811e-02 9.973691e-01 -4.916605e+00
-4.908252e-01 8.682801e-01 -7.197479e-02 -6.084647e+01 -8.705952e-01 -4.919973e-01 1.647219e-03 -3.169313e+02 -3.398116e-02 6.346940e-02 9.974051e-01 -5.005285e+00
-4.952155e-01 8.657709e-01 -7.212738e-02 -6.213158e+01 -8.680693e-01 -4.964418e-01 1.059960e-03 -3.192604e+02 -3.488936e-02 6.313647e-02 9.973949e-01 -5.083997e+00
-5.002811e-01 8.626809e-01 -7.416496e-02 -6.345262e+01 -8.651387e-01 -5.015284e-01 2.070459e-03 -3.215925e+02 -3.540968e-02 6.519879e-02 9.972438e-01 -5.167652e+00
-5.037694e-01 8.605812e-01 -7.494260e-02 -6.477115e+01 -8.631089e-01 -5.050104e-01 2.741357e-03 -3.239066e+02 -3.548763e-02 6.606464e-02 9.971841e-01 -5.252627e+00
-5.083092e-01 8.578614e-01 -7.546940e-02 -6.612033e+01 -8.603962e-01 -5.096211e-01 2.159957e-03 -3.262571e+02 -3.660786e-02 6.603151e-02 9.971458e-01 -5.332210e+00
-5.114441e-01 8.558652e-01 -7.693910e-02 -6.747884e+01 -8.584466e-01 -5.129022e-01 9.401493e-04 -3.285719e+02 -3.865759e-02 6.652894e-02 9.970354e-01 -5.425532e+00
-5.154918e-01 8.534676e-01 -7.655871e-02 -6.884561e+01 -8.559505e-01 -5.170572e-01 -7.326648e-04 -3.308777e+02 -4.021054e-02 6.515278e-02 9.970648e-01 -5.516025e+00
-5.198912e-01 8.508194e-01 -7.628536e-02 -7.022335e+01 -8.532527e-01 -5.214960e-01 -1.316663e-03 -3.332050e+02 -4.090276e-02 6.440616e-02 9.970852e-01 -5.597635e+00
-5.234560e-01 8.486839e-01 -7.569309e-02 -7.161107e+01 -8.510330e-01 -5.251073e-01 -2.268558e-03 -3.355093e+02 -4.167228e-02 6.322983e-02 9.971286e-01 -5.696191e+00
-5.274924e-01 8.459881e-01 -7.781989e-02 -7.302048e+01 -8.484719e-01 -5.292362e-01 -2.121259e-03 -3.378058e+02 -4.297966e-02 6.490904e-02 9.969652e-01 -5.786489e+00
-5.319508e-01 8.431595e-01 -7.816886e-02 -7.441130e+01 -8.455984e-01 -5.338085e-01 -3.440622e-03 -3.401010e+02 -4.462819e-02 6.426922e-02 9.969342e-01 -5.878680e+00
-5.351659e-01 8.411951e-01 -7.738389e-02 -7.585277e+01 -8.435206e-01 -5.370764e-01 -4.686445e-03 -3.423902e+02 -4.550328e-02 6.276687e-02 9.969904e-01 -5.983162e+00
-5.385780e-01 8.389575e-01 -7.800025e-02 -7.729876e+01 -8.412815e-01 -5.405705e-01 -5.383615e-03 -3.447010e+02 -4.668125e-02 6.272067e-02 9.969388e-01 -6.093819e+00
